4.159999999999999809e-02	0.000000000000000000e+00	0.000000000000000000e+00	0.000000000000000000e+00
5.189484405443484799e-02	0.000000000000000000e+00	0.000000000000000000e+00	1.000000000000000000e+00
6.218968810886969789e-02	0.000000000000000000e+00	0.000000000000000000e+00	2.000000000000000000e+00
7.248453216330454085e-02	0.000000000000000000e+00	0.000000000000000000e+00	3.000000000000000000e+00
8.277937621773939769e-02	0.000000000000000000e+00	0.000000000000000000e+00	4.000000000000000000e+00
9.307422027217424065e-02	0.000000000000000000e+00	0.000000000000000000e+00	5.000000000000000000e+00
1.033690643266090836e-01	0.000000000000000000e+00	0.000000000000000000e+00	6.000000000000000000e+00
1.136639083810439266e-01	0.000000000000000000e+00	0.000000000000000000e+00	7.000000000000000000e+00
1.239587524354787834e-01	0.000000000000000000e+00	0.000000000000000000e+00	8.000000000000000000e+00
1.342535964899136403e-01	0.000000000000000000e+00	0.000000000000000000e+00	9.000000000000000000e+00
1.445484405443484555e-01	0.000000000000000000e+00	0.000000000000000000e+00	1.000000000000000000e+01
1.548432845987833262e-01	0.000000000000000000e+00	0.000000000000000000e+00	1.100000000000000000e+01
1.651381286532181969e-01	0.000000000000000000e+00	0.000000000000000000e+00	1.200000000000000000e+01
1.754329727076530121e-01	0.000000000000000000e+00	0.000000000000000000e+00	1.300000000000000000e+01
1.857278167620878551e-01	0.000000000000000000e+00	0.000000000000000000e+00	1.400000000000000000e+01
1.960226608165226980e-01	0.000000000000000000e+00	0.000000000000000000e+00	1.500000000000000000e+01
2.063175048709575687e-01	0.000000000000000000e+00	0.000000000000000000e+00	1.600000000000000000e+01
2.166123489253924117e-01	0.000000000000000000e+00	0.000000000000000000e+00	1.700000000000000000e+01
2.269071929798272547e-01	0.000000000000000000e+00	0.000000000000000000e+00	1.800000000000000000e+01
2.372020370342620976e-01	0.000000000000000000e+00	0.000000000000000000e+00	1.900000000000000000e+01
2.474968810886969406e-01	0.000000000000000000e+00	0.000000000000000000e+00	2.000000000000000000e+01
2.577917251431318113e-01	0.000000000000000000e+00	0.000000000000000000e+00	2.100000000000000000e+01
2.680865691975666820e-01	0.000000000000000000e+00	0.000000000000000000e+00	2.200000000000000000e+01
2.783814132520014972e-01	0.000000000000000000e+00	0.000000000000000000e+00	2.300000000000000000e+01
2.886762573064363679e-01	0.000000000000000000e+00	0.000000000000000000e+00	2.400000000000000000e+01
2.989711013608711276e-01	0.000000000000000000e+00	0.000000000000000000e+00	2.500000000000000000e+01
3.092659454153060539e-01	0.000000000000000000e+00	0.000000000000000000e+00	2.600000000000000000e+01
3.195607894697408691e-01	0.000000000000000000e+00	0.000000000000000000e+00	2.700000000000000000e+01
3.298556335241756843e-01	0.000000000000000000e+00	0.000000000000000000e+00	2.800000000000000000e+01
3.401504775786106105e-01	0.000000000000000000e+00	0.000000000000000000e+00	2.900000000000000000e+01
3.504453216330454257e-01	0.000000000000000000e+00	0.000000000000000000e+00	3.000000000000000000e+01
3.607401656874802409e-01	0.000000000000000000e+00	0.000000000000000000e+00	3.100000000000000000e+01
3.710350097419151671e-01	0.000000000000000000e+00	0.000000000000000000e+00	3.200000000000000000e+01
3.813298537963498713e-01	0.000000000000000000e+00	0.000000000000000000e+00	3.300000000000000000e+01
3.916246978507847976e-01	0.000000000000000000e+00	0.000000000000000000e+00	3.400000000000000000e+01
4.019195419052196128e-01	0.000000000000000000e+00	0.000000000000000000e+00	3.500000000000000000e+01
4.122143859596545390e-01	0.000000000000000000e+00	0.000000000000000000e+00	3.600000000000000000e+01
4.225092300140892432e-01	0.000000000000000000e+00	0.000000000000000000e+00	3.700000000000000000e+01
4.328040740685241694e-01	0.000000000000000000e+00	0.000000000000000000e+00	3.800000000000000000e+01
4.430989181229590956e-01	0.000000000000000000e+00	0.000000000000000000e+00	3.900000000000000000e+01
4.533937621773939108e-01	0.000000000000000000e+00	0.000000000000000000e+00	4.000000000000000000e+01
4.636886062318286150e-01	0.000000000000000000e+00	0.000000000000000000e+00	4.100000000000000000e+01
4.739834502862636523e-01	0.000000000000000000e+00	0.000000000000000000e+00	4.200000000000000000e+01
4.842782943406984675e-01	0.000000000000000000e+00	0.000000000000000000e+00	4.300000000000000000e+01
4.945731383951332827e-01	0.000000000000000000e+00	0.000000000000000000e+00	4.400000000000000000e+01
5.048679824495680979e-01	0.000000000000000000e+00	0.000000000000000000e+00	4.500000000000000000e+01
5.151628265040029131e-01	0.000000000000000000e+00	0.000000000000000000e+00	4.600000000000000000e+01
5.254576705584378393e-01	0.000000000000000000e+00	0.000000000000000000e+00	4.700000000000000000e+01
5.357525146128727656e-01	0.000000000000000000e+00	0.000000000000000000e+00	4.800000000000000000e+01
5.460473586673073587e-01	0.000000000000000000e+00	0.000000000000000000e+00	4.900000000000000000e+01
5.563422027217422849e-01	0.000000000000000000e+00	0.000000000000000000e+00	5.000000000000000000e+01
5.666370467761772112e-01	0.000000000000000000e+00	0.000000000000000000e+00	5.100000000000000000e+01
5.769318908306120264e-01	0.000000000000000000e+00	0.000000000000000000e+00	5.200000000000000000e+01
5.872267348850468416e-01	0.000000000000000000e+00	0.000000000000000000e+00	5.300000000000000000e+01
5.975215789394816568e-01	0.000000000000000000e+00	0.000000000000000000e+00	5.400000000000000000e+01
6.078164229939165830e-01	0.000000000000000000e+00	0.000000000000000000e+00	5.500000000000000000e+01
6.181112670483513982e-01	0.000000000000000000e+00	0.000000000000000000e+00	5.600000000000000000e+01
6.284061111027862134e-01	0.000000000000000000e+00	0.000000000000000000e+00	5.700000000000000000e+01
6.387009551572211397e-01	0.000000000000000000e+00	0.000000000000000000e+00	5.800000000000000000e+01
6.489957992116560659e-01	0.000000000000000000e+00	0.000000000000000000e+00	5.900000000000000000e+01
6.592906432660907701e-01	0.000000000000000000e+00	0.000000000000000000e+00	6.000000000000000000e+01
6.695854873205255853e-01	0.000000000000000000e+00	0.000000000000000000e+00	6.100000000000000000e+01
6.798803313749605115e-01	0.000000000000000000e+00	0.000000000000000000e+00	6.200000000000000000e+01
6.901751754293953267e-01	0.000000000000000000e+00	0.000000000000000000e+00	6.300000000000000000e+01
7.004700194838302529e-01	0.000000000000000000e+00	0.000000000000000000e+00	6.400000000000000000e+01
7.107648635382650681e-01	0.000000000000000000e+00	0.000000000000000000e+00	6.500000000000000000e+01
7.210597075926997723e-01	0.000000000000000000e+00	0.000000000000000000e+00	6.600000000000000000e+01
7.313545516471346986e-01	0.000000000000000000e+00	0.000000000000000000e+00	6.700000000000000000e+01
7.416493957015696248e-01	0.000000000000000000e+00	0.000000000000000000e+00	6.800000000000000000e+01
7.519442397560044400e-01	0.000000000000000000e+00	0.000000000000000000e+00	6.900000000000000000e+01
7.622390838104392552e-01	0.000000000000000000e+00	0.000000000000000000e+00	7.000000000000000000e+01
7.725339278648741814e-01	0.000000000000000000e+00	0.000000000000000000e+00	7.100000000000000000e+01
7.828287719193089966e-01	0.000000000000000000e+00	0.000000000000000000e+00	7.200000000000000000e+01
7.931236159737438118e-01	0.000000000000000000e+00	0.000000000000000000e+00	7.300000000000000000e+01
8.034184600281785160e-01	0.000000000000000000e+00	0.000000000000000000e+00	7.400000000000000000e+01
8.137133040826135533e-01	0.000000000000000000e+00	0.000000000000000000e+00	7.500000000000000000e+01
8.240081481370483685e-01	0.000000000000000000e+00	0.000000000000000000e+00	7.600000000000000000e+01
8.343029921914832947e-01	0.000000000000000000e+00	0.000000000000000000e+00	7.700000000000000000e+01
8.445978362459181099e-01	0.000000000000000000e+00	0.000000000000000000e+00	7.800000000000000000e+01
8.548926803003528141e-01	0.000000000000000000e+00	0.000000000000000000e+00	7.900000000000000000e+01
8.651875243547877403e-01	0.000000000000000000e+00	0.000000000000000000e+00	8.000000000000000000e+01
8.754823684092225555e-01	0.000000000000000000e+00	0.000000000000000000e+00	8.100000000000000000e+01
8.857772124636572597e-01	0.000000000000000000e+00	0.000000000000000000e+00	8.200000000000000000e+01
8.960720565180922970e-01	0.000000000000000000e+00	0.000000000000000000e+00	8.300000000000000000e+01
9.063669005725272232e-01	0.000000000000000000e+00	0.000000000000000000e+00	8.400000000000000000e+01
9.166617446269619274e-01	0.000000000000000000e+00	0.000000000000000000e+00	8.500000000000000000e+01
9.269565886813968536e-01	0.000000000000000000e+00	0.000000000000000000e+00	8.600000000000000000e+01
9.372514327358316688e-01	0.000000000000000000e+00	0.000000000000000000e+00	8.700000000000000000e+01
9.475462767902665950e-01	0.000000000000000000e+00	0.000000000000000000e+00	8.800000000000000000e+01
9.578411208447014102e-01	0.000000000000000000e+00	0.000000000000000000e+00	8.900000000000000000e+01
9.681359648991361144e-01	0.000000000000000000e+00	0.000000000000000000e+00	9.000000000000000000e+01
9.784308089535710407e-01	0.000000000000000000e+00	0.000000000000000000e+00	9.100000000000000000e+01
9.887256530080058559e-01	0.000000000000000000e+00	0.000000000000000000e+00	9.200000000000000000e+01
9.990204970624407821e-01	0.000000000000000000e+00	0.000000000000000000e+00	9.300000000000000000e+01
1.000000000000000000e+00	9.314668687192773078e-03	0.000000000000000000e+00	9.400000000000000000e+01
1.000000000000000000e+00	1.960876960633760324e-02	0.000000000000000000e+00	9.500000000000000000e+01
1.000000000000000000e+00	2.990287052548243341e-02	0.000000000000000000e+00	9.600000000000000000e+01
1.000000000000000000e+00	4.019697144462726357e-02	0.000000000000000000e+00	9.700000000000000000e+01
1.000000000000000000e+00	5.049107236377194802e-02	0.000000000000000000e+00	9.800000000000000000e+01
1.000000000000000000e+00	6.078517328291692390e-02	0.000000000000000000e+00	9.900000000000000000e+01
1.000000000000000000e+00	7.107927420206175406e-02	0.000000000000000000e+00	1.000000000000000000e+02
1.000000000000000000e+00	8.137337512120658423e-02	0.000000000000000000e+00	1.010000000000000000e+02
1.000000000000000000e+00	9.166747604035141439e-02	0.000000000000000000e+00	1.020000000000000000e+02
1.000000000000000000e+00	1.019615769594962446e-01	0.000000000000000000e+00	1.030000000000000000e+02
1.000000000000000000e+00	1.122556778786410747e-01	0.000000000000000000e+00	1.040000000000000000e+02
1.000000000000000000e+00	1.225497787977859188e-01	0.000000000000000000e+00	1.050000000000000000e+02
1.000000000000000000e+00	1.328438797169305963e-01	0.000000000000000000e+00	1.060000000000000000e+02
1.000000000000000000e+00	1.431379806360755791e-01	0.000000000000000000e+00	1.070000000000000000e+02
1.000000000000000000e+00	1.534320815552203954e-01	0.000000000000000000e+00	1.080000000000000000e+02
1.000000000000000000e+00	1.637261824743652394e-01	0.000000000000000000e+00	1.090000000000000000e+02
1.000000000000000000e+00	1.740202833935100557e-01	0.000000000000000000e+00	1.100000000000000000e+02
1.000000000000000000e+00	1.843143843126548997e-01	0.000000000000000000e+00	1.110000000000000000e+02
1.000000000000000000e+00	1.946084852317997160e-01	0.000000000000000000e+00	1.120000000000000000e+02
1.000000000000000000e+00	2.049025861509445601e-01	0.000000000000000000e+00	1.130000000000000000e+02
1.000000000000000000e+00	2.151966870700892376e-01	0.000000000000000000e+00	1.140000000000000000e+02
1.000000000000000000e+00	2.254907879892342204e-01	0.000000000000000000e+00	1.150000000000000000e+02
1.000000000000000000e+00	2.357848889083790644e-01	0.000000000000000000e+00	1.160000000000000000e+02
1.000000000000000000e+00	2.460789898275238807e-01	0.000000000000000000e+00	1.170000000000000000e+02
1.000000000000000000e+00	2.563730907466686970e-01	0.000000000000000000e+00	1.180000000000000000e+02
1.000000000000000000e+00	2.666671916658135411e-01	0.000000000000000000e+00	1.190000000000000000e+02
1.000000000000000000e+00	2.769612925849583851e-01	0.000000000000000000e+00	1.200000000000000000e+02
1.000000000000000000e+00	2.872553935041032291e-01	0.000000000000000000e+00	1.210000000000000000e+02
1.000000000000000000e+00	2.975494944232479066e-01	0.000000000000000000e+00	1.220000000000000000e+02
1.000000000000000000e+00	3.078435953423928617e-01	0.000000000000000000e+00	1.230000000000000000e+02
1.000000000000000000e+00	3.181376962615377058e-01	0.000000000000000000e+00	1.240000000000000000e+02
1.000000000000000000e+00	3.284317971806825498e-01	0.000000000000000000e+00	1.250000000000000000e+02
1.000000000000000000e+00	3.387258980998273383e-01	0.000000000000000000e+00	1.260000000000000000e+02
1.000000000000000000e+00	3.490199990189721824e-01	0.000000000000000000e+00	1.270000000000000000e+02
1.000000000000000000e+00	3.593140999381170264e-01	0.000000000000000000e+00	1.280000000000000000e+02
1.000000000000000000e+00	3.696082008572618705e-01	0.000000000000000000e+00	1.290000000000000000e+02
1.000000000000000000e+00	3.799023017764066590e-01	0.000000000000000000e+00	1.300000000000000000e+02
1.000000000000000000e+00	3.901964026955515030e-01	0.000000000000000000e+00	1.310000000000000000e+02
1.000000000000000000e+00	4.004905036146960695e-01	0.000000000000000000e+00	1.320000000000000000e+02
1.000000000000000000e+00	4.107846045338411911e-01	0.000000000000000000e+00	1.330000000000000000e+02
1.000000000000000000e+00	4.210787054529859796e-01	0.000000000000000000e+00	1.340000000000000000e+02
1.000000000000000000e+00	4.313728063721308237e-01	0.000000000000000000e+00	1.350000000000000000e+02
1.000000000000000000e+00	4.416669072912756677e-01	0.000000000000000000e+00	1.360000000000000000e+02
1.000000000000000000e+00	4.519610082104205118e-01	0.000000000000000000e+00	1.370000000000000000e+02
1.000000000000000000e+00	4.622551091295653558e-01	0.000000000000000000e+00	1.380000000000000000e+02
1.000000000000000000e+00	4.725492100487101443e-01	0.000000000000000000e+00	1.390000000000000000e+02
1.000000000000000000e+00	4.828433109678549884e-01	0.000000000000000000e+00	1.400000000000000000e+02
1.000000000000000000e+00	4.931374118869998324e-01	0.000000000000000000e+00	1.410000000000000000e+02
1.000000000000000000e+00	5.034315128061446210e-01	0.000000000000000000e+00	1.420000000000000000e+02
1.000000000000000000e+00	5.137256137252894650e-01	0.000000000000000000e+00	1.430000000000000000e+02
1.000000000000000000e+00	5.240197146444343090e-01	0.000000000000000000e+00	1.440000000000000000e+02
1.000000000000000000e+00	5.343138155635791531e-01	0.000000000000000000e+00	1.450000000000000000e+02
1.000000000000000000e+00	5.446079164827239971e-01	0.000000000000000000e+00	1.460000000000000000e+02
1.000000000000000000e+00	5.549020174018688412e-01	0.000000000000000000e+00	1.470000000000000000e+02
1.000000000000000000e+00	5.651961183210133521e-01	0.000000000000000000e+00	1.480000000000000000e+02
1.000000000000000000e+00	5.754902192401584182e-01	0.000000000000000000e+00	1.490000000000000000e+02
1.000000000000000000e+00	5.857843201593032623e-01	0.000000000000000000e+00	1.500000000000000000e+02
1.000000000000000000e+00	5.960784210784481063e-01	0.000000000000000000e+00	1.510000000000000000e+02
1.000000000000000000e+00	6.063725219975929503e-01	0.000000000000000000e+00	1.520000000000000000e+02
1.000000000000000000e+00	6.166666229167377944e-01	0.000000000000000000e+00	1.530000000000000000e+02
1.000000000000000000e+00	6.269607238358826384e-01	0.000000000000000000e+00	1.540000000000000000e+02
1.000000000000000000e+00	6.372548247550274825e-01	0.000000000000000000e+00	1.550000000000000000e+02
1.000000000000000000e+00	6.475489256741723265e-01	0.000000000000000000e+00	1.560000000000000000e+02
1.000000000000000000e+00	6.578430265933171706e-01	0.000000000000000000e+00	1.570000000000000000e+02
1.000000000000000000e+00	6.681371275124619036e-01	0.000000000000000000e+00	1.580000000000000000e+02
1.000000000000000000e+00	6.784312284316067476e-01	0.000000000000000000e+00	1.590000000000000000e+02
1.000000000000000000e+00	6.887253293507515917e-01	0.000000000000000000e+00	1.600000000000000000e+02
1.000000000000000000e+00	6.990194302698964357e-01	0.000000000000000000e+00	1.610000000000000000e+02
1.000000000000000000e+00	7.093135311890412797e-01	0.000000000000000000e+00	1.620000000000000000e+02
1.000000000000000000e+00	7.196076321081861238e-01	0.000000000000000000e+00	1.630000000000000000e+02
1.000000000000000000e+00	7.299017330273306348e-01	0.000000000000000000e+00	1.640000000000000000e+02
1.000000000000000000e+00	7.401958339464758119e-01	0.000000000000000000e+00	1.650000000000000000e+02
1.000000000000000000e+00	7.504899348656205449e-01	0.000000000000000000e+00	1.660000000000000000e+02
1.000000000000000000e+00	7.607840357847653889e-01	0.000000000000000000e+00	1.670000000000000000e+02
1.000000000000000000e+00	7.710781367039102330e-01	0.000000000000000000e+00	1.680000000000000000e+02
1.000000000000000000e+00	7.813722376230550770e-01	0.000000000000000000e+00	1.690000000000000000e+02
1.000000000000000000e+00	7.916663385421999211e-01	0.000000000000000000e+00	1.700000000000000000e+02
1.000000000000000000e+00	8.019604394613447651e-01	0.000000000000000000e+00	1.710000000000000000e+02
1.000000000000000000e+00	8.122545403804896091e-01	0.000000000000000000e+00	1.720000000000000000e+02
1.000000000000000000e+00	8.225486412996344532e-01	0.000000000000000000e+00	1.730000000000000000e+02
1.000000000000000000e+00	8.328427422187791862e-01	0.000000000000000000e+00	1.740000000000000000e+02
1.000000000000000000e+00	8.431368431379240302e-01	0.000000000000000000e+00	1.750000000000000000e+02
1.000000000000000000e+00	8.534309440570688743e-01	0.000000000000000000e+00	1.760000000000000000e+02
1.000000000000000000e+00	8.637250449762137183e-01	0.000000000000000000e+00	1.770000000000000000e+02
1.000000000000000000e+00	8.740191458953585624e-01	0.000000000000000000e+00	1.780000000000000000e+02
1.000000000000000000e+00	8.843132468145034064e-01	0.000000000000000000e+00	1.790000000000000000e+02
1.000000000000000000e+00	8.946073477336479174e-01	0.000000000000000000e+00	1.800000000000000000e+02
1.000000000000000000e+00	9.049014486527930945e-01	0.000000000000000000e+00	1.810000000000000000e+02
1.000000000000000000e+00	9.151955495719379385e-01	0.000000000000000000e+00	1.820000000000000000e+02
1.000000000000000000e+00	9.254896504910826716e-01	0.000000000000000000e+00	1.830000000000000000e+02
1.000000000000000000e+00	9.357837514102275156e-01	0.000000000000000000e+00	1.840000000000000000e+02
1.000000000000000000e+00	9.460778523293723596e-01	0.000000000000000000e+00	1.850000000000000000e+02
1.000000000000000000e+00	9.563719532485172037e-01	0.000000000000000000e+00	1.860000000000000000e+02
1.000000000000000000e+00	9.666660541676620477e-01	0.000000000000000000e+00	1.870000000000000000e+02
1.000000000000000000e+00	9.769601550868068918e-01	0.000000000000000000e+00	1.880000000000000000e+02
1.000000000000000000e+00	9.872542560059517358e-01	0.000000000000000000e+00	1.890000000000000000e+02
1.000000000000000000e+00	9.975483569250965799e-01	0.000000000000000000e+00	1.900000000000000000e+02
1.000000000000000000e+00	1.000000000000000000e+00	1.176371764607068646e-02	1.910000000000000000e+02
1.000000000000000000e+00	1.000000000000000000e+00	2.720490955785083084e-02	1.920000000000000000e+02
1.000000000000000000e+00	1.000000000000000000e+00	4.264610146963097870e-02	1.930000000000000000e+02
1.000000000000000000e+00	1.000000000000000000e+00	5.808729338141112308e-02	1.940000000000000000e+02
1.000000000000000000e+00	1.000000000000000000e+00	7.352848529319126747e-02	1.950000000000000000e+02
1.000000000000000000e+00	1.000000000000000000e+00	8.896967720497098164e-02	1.960000000000000000e+02
1.000000000000000000e+00	1.000000000000000000e+00	1.044108691167515562e-01	1.970000000000000000e+02
1.000000000000000000e+00	1.000000000000000000e+00	1.198520610285317006e-01	1.980000000000000000e+02
1.000000000000000000e+00	1.000000000000000000e+00	1.352932529403118589e-01	1.990000000000000000e+02
1.000000000000000000e+00	1.000000000000000000e+00	1.507344448520920033e-01	2.000000000000000000e+02
1.000000000000000000e+00	1.000000000000000000e+00	1.661756367638721477e-01	2.010000000000000000e+02
1.000000000000000000e+00	1.000000000000000000e+00	1.816168286756522920e-01	2.020000000000000000e+02
1.000000000000000000e+00	1.000000000000000000e+00	1.970580205874324364e-01	2.030000000000000000e+02
1.000000000000000000e+00	1.000000000000000000e+00	2.124992124992125808e-01	2.040000000000000000e+02
1.000000000000000000e+00	1.000000000000000000e+00	2.279404044109927252e-01	2.050000000000000000e+02
1.000000000000000000e+00	1.000000000000000000e+00	2.433815963227728696e-01	2.060000000000000000e+02
1.000000000000000000e+00	1.000000000000000000e+00	2.588227882345530140e-01	2.070000000000000000e+02
1.000000000000000000e+00	1.000000000000000000e+00	2.742639801463331861e-01	2.080000000000000000e+02
1.000000000000000000e+00	1.000000000000000000e+00	2.897051720581133027e-01	2.090000000000000000e+02
1.000000000000000000e+00	1.000000000000000000e+00	3.051463639698934749e-01	2.100000000000000000e+02
1.000000000000000000e+00	1.000000000000000000e+00	3.205875558816735915e-01	2.110000000000000000e+02
1.000000000000000000e+00	1.000000000000000000e+00	3.360287477934533196e-01	2.120000000000000000e+02
1.000000000000000000e+00	1.000000000000000000e+00	3.514699397052338803e-01	2.130000000000000000e+02
1.000000000000000000e+00	1.000000000000000000e+00	3.669111316170140524e-01	2.140000000000000000e+02
1.000000000000000000e+00	1.000000000000000000e+00	3.823523235287941691e-01	2.150000000000000000e+02
1.000000000000000000e+00	1.000000000000000000e+00	3.977935154405743412e-01	2.160000000000000000e+02
1.000000000000000000e+00	1.000000000000000000e+00	4.132347073523544578e-01	2.170000000000000000e+02
1.000000000000000000e+00	1.000000000000000000e+00	4.286758992641346300e-01	2.180000000000000000e+02
1.000000000000000000e+00	1.000000000000000000e+00	4.441170911759147466e-01	2.190000000000000000e+02
1.000000000000000000e+00	1.000000000000000000e+00	4.595582830876949187e-01	2.200000000000000000e+02
1.000000000000000000e+00	1.000000000000000000e+00	4.749994749994750354e-01	2.210000000000000000e+02
1.000000000000000000e+00	1.000000000000000000e+00	4.904406669112552075e-01	2.220000000000000000e+02
1.000000000000000000e+00	1.000000000000000000e+00	5.058818588230353797e-01	2.230000000000000000e+02
1.000000000000000000e+00	1.000000000000000000e+00	5.213230507348154408e-01	2.240000000000000000e+02
1.000000000000000000e+00	1.000000000000000000e+00	5.367642426465956129e-01	2.250000000000000000e+02
1.000000000000000000e+00	1.000000000000000000e+00	5.522054345583757851e-01	2.260000000000000000e+02
1.000000000000000000e+00	1.000000000000000000e+00	5.676466264701559572e-01	2.270000000000000000e+02
1.000000000000000000e+00	1.000000000000000000e+00	5.830878183819356853e-01	2.280000000000000000e+02
1.000000000000000000e+00	1.000000000000000000e+00	5.985290102937161905e-01	2.290000000000000000e+02
1.000000000000000000e+00	1.000000000000000000e+00	6.139702022054963626e-01	2.300000000000000000e+02
1.000000000000000000e+00	1.000000000000000000e+00	6.294113941172765347e-01	2.310000000000000000e+02
1.000000000000000000e+00	1.000000000000000000e+00	6.448525860290567069e-01	2.320000000000000000e+02
1.000000000000000000e+00	1.000000000000000000e+00	6.602937779408367680e-01	2.330000000000000000e+02
1.000000000000000000e+00	1.000000000000000000e+00	6.757349698526169401e-01	2.340000000000000000e+02
1.000000000000000000e+00	1.000000000000000000e+00	6.911761617643971123e-01	2.350000000000000000e+02
1.000000000000000000e+00	1.000000000000000000e+00	7.066173536761772844e-01	2.360000000000000000e+02
1.000000000000000000e+00	1.000000000000000000e+00	7.220585455879573455e-01	2.370000000000000000e+02
1.000000000000000000e+00	1.000000000000000000e+00	7.374997374997375177e-01	2.380000000000000000e+02
1.000000000000000000e+00	1.000000000000000000e+00	7.529409294115176898e-01	2.390000000000000000e+02
1.000000000000000000e+00	1.000000000000000000e+00	7.683821213232978620e-01	2.400000000000000000e+02
1.000000000000000000e+00	1.000000000000000000e+00	7.838233132350779231e-01	2.410000000000000000e+02
1.000000000000000000e+00	1.000000000000000000e+00	7.992645051468580952e-01	2.420000000000000000e+02
1.000000000000000000e+00	1.000000000000000000e+00	8.147056970586382674e-01	2.430000000000000000e+02
1.000000000000000000e+00	1.000000000000000000e+00	8.301468889704179954e-01	2.440000000000000000e+02
1.000000000000000000e+00	1.000000000000000000e+00	8.455880808821985006e-01	2.450000000000000000e+02
1.000000000000000000e+00	1.000000000000000000e+00	8.610292727939786728e-01	2.460000000000000000e+02
1.000000000000000000e+00	1.000000000000000000e+00	8.764704647057588449e-01	2.470000000000000000e+02
1.000000000000000000e+00	1.000000000000000000e+00	8.919116566175390171e-01	2.480000000000000000e+02
1.000000000000000000e+00	1.000000000000000000e+00	9.073528485293190782e-01	2.490000000000000000e+02
1.000000000000000000e+00	1.000000000000000000e+00	9.227940404410992503e-01	2.500000000000000000e+02
1.000000000000000000e+00	1.000000000000000000e+00	9.382352323528794225e-01	2.510000000000000000e+02
1.000000000000000000e+00	1.000000000000000000e+00	9.536764242646595946e-01	2.520000000000000000e+02
1.000000000000000000e+00	1.000000000000000000e+00	9.691176161764396557e-01	2.530000000000000000e+02
1.000000000000000000e+00	1.000000000000000000e+00	9.845588080882198279e-01	2.540000000000000000e+02
1.000000000000000000e+00	1.000000000000000000e+00	1.000000000000000000e+00	2.550000000000000000e+02
