8.225559928700268419e-02	1.149244079727295142e-01	2.647901677800857390e-01	0.000000000000000000e+00
8.400522506956380198e-02	1.231232969708999231e-01	2.689609110865496255e-01	1.000000000000000000e+00
8.575066584057083885e-02	1.311643855518184743e-01	2.731858034649912170e-01	2.000000000000000000e+00
8.748548635006096752e-02	1.390717026963464720e-01	2.774585777836320877e-01	3.000000000000000000e+00
8.920347605409938152e-02	1.468647697013373277e-01	2.817740375192827051e-01	4.000000000000000000e+00
9.089868864490834033e-02	1.545596741641341865e-01	2.861278608876380303e-01	5.000000000000000000e+00
9.256527135782915972e-02	1.621698997678467369e-01	2.905163524637193184e-01	6.000000000000000000e+00
9.419469678569684923e-02	1.697076993539119727e-01	2.949352146743938197e-01	7.000000000000000000e+00
9.578056998452262605e-02	1.771829937836381930e-01	2.993814659767585207e-01	8.000000000000000000e+00
9.731981667964295646e-02	1.846034899700240706e-01	3.038536126220802713e-01	9.000000000000000000e+00
9.880654660226455277e-02	1.919766955019429622e-01	3.083491851983453658e-01	1.000000000000000000e+01
1.002350149468721752e-01	1.993092033590820322e-01	3.128658788718985395e-01	1.100000000000000000e+01
1.015927580261312829e-01	2.066085271284308078e-01	3.173992705458213992e-01	1.200000000000000000e+01
1.028783324940081290e-01	2.138787320020246185e-01	3.219487171262188085e-01	1.300000000000000000e+01
1.040870089875887139e-01	2.211242628164322155e-01	3.265123456637528676e-01	1.400000000000000000e+01
1.052122821319359663e-01	2.283495444914491745e-01	3.310876684491537159e-01	1.500000000000000000e+01
1.062396921984128523e-01	2.355603069729277355e-01	3.356699456917285329e-01	1.600000000000000000e+01
1.071714481123054036e-01	2.427582189282017910e-01	3.402591719409394644e-01	1.700000000000000000e+01
1.080024787927891666e-01	2.499463438944619365e-01	3.448530225259212045e-01	1.800000000000000000e+01
1.087151980865335710e-01	2.571299549311684141e-01	3.494459034531410824e-01	1.900000000000000000e+01
1.093132491657013428e-01	2.643097431894295135e-01	3.540376498384016912e-01	2.000000000000000000e+01
1.097904263468764269e-01	2.714882365756660643e-01	3.586253365534649018e-01	2.100000000000000000e+01
1.101307160663840407e-01	2.786695117891647144e-01	3.632036902884188123e-01	2.200000000000000000e+01
1.103407191315660396e-01	2.858532911291301049e-01	3.677726057922793279e-01	2.300000000000000000e+01
1.104032651709780516e-01	2.930434206058045721e-01	3.723263782593641547e-01	2.400000000000000000e+01
1.103195344986429988e-01	3.002403274462970284e-01	3.768633182097736456e-01	2.500000000000000000e+01
1.100813006847237707e-01	3.074459393658016126e-01	3.813794957502017469e-01	2.600000000000000000e+01
1.096819987923950829e-01	3.146617264291362570e-01	3.858712355705274932e-01	2.700000000000000000e+01
1.091188590784375745e-01	3.218884538594922184e-01	3.903354737086286441e-01	2.800000000000000000e+01
1.083850038257725135e-01	3.291274021416895623e-01	3.947681530965946872e-01	2.900000000000000000e+01
1.074753364429409663e-01	3.363794736995205925e-01	3.991654012783323879e-01	3.000000000000000000e+01
1.063926561555074563e-01	3.436443906987675101e-01	4.035246616093350891e-01	3.100000000000000000e+01
1.051193009516316335e-01	3.509246182789423352e-01	4.078392419401702940e-01	3.200000000000000000e+01
1.036705282934632238e-01	3.582181377706648573e-01	4.121084345265237370e-01	3.300000000000000000e+01
1.020336605374949912e-01	3.655266278672804070e-01	4.163259546043520665e-01	3.400000000000000000e+01
1.002090905793553144e-01	3.728500347294536055e-01	4.204876219573065455e-01	3.500000000000000000e+01
9.820813212321119479e-02	3.801870995307817247e-01	4.245907973796719248e-01	3.600000000000000000e+01
9.603342130079690897e-02	3.875377479133643166e-01	4.286307141218833050e-01	3.700000000000000000e+01
9.367933229678464258e-02	3.949028743526281082e-01	4.326005023547491724e-01	3.800000000000000000e+01
9.117048258933684035e-02	4.022803013381165971e-01	4.364979264594858743e-01	3.900000000000000000e+01
8.852373097854987494e-02	4.096690947246488523e-01	4.403183547610682869e-01	4.000000000000000000e+01
8.576170674613783906e-02	4.170681605413691373e-01	4.440569615688625960e-01	4.100000000000000000e+01
8.291544757909891095e-02	4.244761358853785804e-01	4.477088968524857160e-01	4.200000000000000000e+01
8.002661508343575369e-02	4.318913675811574260e-01	4.512693165374982440e-01	4.300000000000000000e+01
7.715009822631159475e-02	4.393118896272553142e-01	4.547334215622065301e-01	4.400000000000000000e+01
7.435690342254938634e-02	4.467353999449981128e-01	4.580965070340901057e-01	4.500000000000000000e+01
7.173705860438209236e-02	4.541592371129328787e-01	4.613540228440977664e-01	4.600000000000000000e+01
6.940198555156093518e-02	4.615803579659374933e-01	4.645016470566747935e-01	4.700000000000000000e+01
6.748542692270106946e-02	4.689953171565297563e-01	4.675353732706046261e-01	4.800000000000000000e+01
6.614029377587876679e-02	4.764003459657170092e-01	4.704513233677624084e-01	4.900000000000000000e+01
6.552027778973108785e-02	4.837922264699240915e-01	4.732429979713662638e-01	5.000000000000000000e+01
6.581202835267624396e-02	4.911652529553314772e-01	4.759104383843838493e-01	5.100000000000000000e+01
6.717770181852893152e-02	4.985142261869469626e-01	4.784518334212325974e-01	5.200000000000000000e+01
6.973430889759835161e-02	5.058347913538036034e-01	4.808612455655969509e-01	5.300000000000000000e+01
7.359283486339719682e-02	5.131193971637519891e-01	4.831440194543161759e-01	5.400000000000000000e+01
7.877826454224814978e-02	5.203628452912976154e-01	4.852957645586583602e-01	5.500000000000000000e+01
8.529270347117402784e-02	5.275573149836919606e-01	4.873231803706728482e-01	5.600000000000000000e+01
9.308245102160890572e-02	5.346958222608965139e-01	4.892299847440441662e-01	5.700000000000000000e+01
1.020661515532259450e-01	5.417710961067783160e-01	4.910219161715691505e-01	5.800000000000000000e+01
1.121479413806778375e-01	5.487753439976881253e-01	4.927102565097061238e-01	5.900000000000000000e+01
1.232214919632212274e-01	5.557012057130014115e-01	4.943073528341817569e-01	6.000000000000000000e+01
1.351793098442461982e-01	5.625416377822807235e-01	4.958289182869267120e-01	6.100000000000000000e+01
1.479161398448063103e-01	5.692902324081686727e-01	4.972936205207401095e-01	6.200000000000000000e+01
1.613305828637107420e-01	5.759414886042160120e-01	4.987230848754476975e-01	6.300000000000000000e+01
1.753256876692264044e-01	5.824910924282818980e-01	5.001414572075986165e-01	6.400000000000000000e+01
1.898092679753176082e-01	5.889361473128864599e-01	5.015747593053019315e-01	6.500000000000000000e+01
2.046941205342531767e-01	5.952753347755488367e-01	5.030502031764404469e-01	6.600000000000000000e+01
2.198984062343291579e-01	6.015089905251022051e-01	5.045953705361923003e-01	6.700000000000000000e+01
2.353464073075575702e-01	6.076390663287686289e-01	5.062372336538044637e-01	6.800000000000000000e+01
2.509690234580316814e-01	6.136690130350027639e-01	5.080014554626209877e-01	6.900000000000000000e+01
2.667039378757996571e-01	6.196036194345485582e-01	5.099119159048843830e-01	7.000000000000000000e+01
2.824965688240428374e-01	6.254487177645406959e-01	5.119898684127202060e-01	7.100000000000000000e+01
2.982999681309281836e-01	6.312109212398802072e-01	5.142537872571093516e-01	7.200000000000000000e+01
3.140744391254990941e-01	6.368973796897026141e-01	5.167193647942867063e-01	7.300000000000000000e+01
3.297871990595669933e-01	6.425155327157948681e-01	5.193995187932097801e-01	7.400000000000000000e+01
3.454118196827852261e-01	6.480729013088312174e-01	5.223045482513375415e-01	7.500000000000000000e+01
3.609275639624239806e-01	6.535769188764372073e-01	5.254423668679755188e-01	7.600000000000000000e+01
3.763186732399366186e-01	6.590348027486642168e-01	5.288187806333419783e-01	7.700000000000000000e+01
3.915730114079194468e-01	6.644535760923365730e-01	5.324379929649449839e-01	7.800000000000000000e+01
4.066816705519192277e-01	6.698399855063794650e-01	5.363027336857657534e-01	7.900000000000000000e+01
4.216399993822767533e-01	6.752001657983459637e-01	5.404140060091463527e-01	8.000000000000000000e+01
4.364450734629256035e-01	6.805399655288074667e-01	5.447720022732744916e-01	8.100000000000000000e+01
4.510957783215897576e-01	6.858648571545813422e-01	5.493761103110251787e-01	8.200000000000000000e+01
4.655898358043434326e-01	6.911805331078363368e-01	5.542256046056858176e-01	8.300000000000000000e+01
4.799313803389064770e-01	6.964912149899525895e-01	5.593179635006271244e-01	8.400000000000000000e+01
4.941202362761311084e-01	7.018019300139728411e-01	5.646513992752607569e-01	8.500000000000000000e+01
5.081596152065211980e-01	7.071168256759207127e-01	5.702231178628333064e-01	8.600000000000000000e+01
5.220524964029735759e-01	7.124399232824739636e-01	5.760302293524277584e-01	8.700000000000000000e+01
5.358029064039997458e-01	7.177748302088245991e-01	5.820694880307444308e-01	8.800000000000000000e+01
5.494115871900810966e-01	7.231258514937772830e-01	5.883377863384494644e-01	8.900000000000000000e+01
5.628865444321021760e-01	7.284951939467185777e-01	5.948312822545889222e-01	9.000000000000000000e+01
5.762272730788998709e-01	7.338872210019887765e-01	6.015465140888395235e-01	9.100000000000000000e+01
5.894384594031276681e-01	7.393047268898774727e-01	6.084795783330000374e-01	9.200000000000000000e+01
6.025256432840854215e-01	7.447500710340475560e-01	6.156265933130762313e-01	9.300000000000000000e+01
6.154919668996252646e-01	7.502261557425117244e-01	6.229836071434766698e-01	9.400000000000000000e+01
6.283396497211902743e-01	7.557360573690734551e-01	6.305464081902802942e-01	9.500000000000000000e+01
6.410712569918844972e-01	7.612826445691214250e-01	6.383106037019543599e-01	9.600000000000000000e+01
6.536922061958954089e-01	7.668677339041478636e-01	6.462721176276124968e-01	9.700000000000000000e+01
6.662056929093479463e-01	7.724937233631165023e-01	6.544265931233764766e-01	9.800000000000000000e+01
6.786149134877969002e-01	7.781629024672310768e-01	6.627695978820516975e-01	9.900000000000000000e+01
6.909230633633689500e-01	7.838774567286636019e-01	6.712966388096741621e-01	1.000000000000000000e+02
7.031333362286155131e-01	7.896394717689954046e-01	6.800031764613460039e-01	1.010000000000000000e+02
7.152489236574752773e-01	7.954509372237906772e-01	6.888846391054859186e-01	1.020000000000000000e+02
7.272730148159392005e-01	8.013137505533132199e-01	6.979364361826498886e-01	1.030000000000000000e+02
7.392087960209732245e-01	8.072297208663533619e-01	7.071539708226214360e-01	1.040000000000000000e+02
7.510578476413627413e-01	8.132012136155370996e-01	7.165318585179576427e-01	1.050000000000000000e+02
7.628230776844826533e-01	8.192300180144288513e-01	7.260651891691921600e-01	1.060000000000000000e+02
7.745090036084872898e-01	8.253171902948918115e-01	7.357499238372235961e-01	1.070000000000000000e+02
7.861188140938729640e-01	8.314642303068641160e-01	7.455814614234285154e-01	1.080000000000000000e+02
7.976553029653310478e-01	8.376727381043849174e-01	7.555549605179981976e-01	1.090000000000000000e+02
8.091179148107860986e-01	8.439457284429673356e-01	7.656631487557717941e-01	1.100000000000000000e+02
8.205125476680595886e-01	8.502833911987723869e-01	7.759029576127158823e-01	1.110000000000000000e+02
8.318433050694142850e-01	8.566865967320582698e-01	7.862703163635493819e-01	1.120000000000000000e+02
8.431085945625511613e-01	8.631587785358271203e-01	7.967563596360643929e-01	1.130000000000000000e+02
8.543147620008300080e-01	8.696997465226664614e-01	8.073583462384544829e-01	1.140000000000000000e+02
8.654653544151097444e-01	8.763105471098614485e-01	8.180710927662461218e-01	1.150000000000000000e+02
8.765597694539495333e-01	8.829942331707201220e-01	8.288848674036949360e-01	1.160000000000000000e+02
8.876071712202897590e-01	8.897491992682963202e-01	8.397986248918216656e-01	1.170000000000000000e+02
8.986072565705858217e-01	8.965785010699578450e-01	8.508007836876991803e-01	1.180000000000000000e+02
9.095705187259304214e-01	9.034799451473727316e-01	8.618897477526600293e-01	1.190000000000000000e+02
9.205006027412883096e-01	9.104548955955598100e-01	8.730545883040156108e-01	1.200000000000000000e+02
9.314125751622388538e-01	9.174989338390133753e-01	8.842963003487551710e-01	1.210000000000000000e+02
9.423169880681163679e-01	9.246096658934269685e-01	8.956125066039656302e-01	1.220000000000000000e+02
9.532321617635447497e-01	9.317789614485090244e-01	9.070256570003798480e-01	1.230000000000000000e+02
9.641572093234882512e-01	9.390032732045054953e-01	9.185878636867151892e-01	1.240000000000000000e+02
9.750299632935600647e-01	9.462996625576243215e-01	9.303932361561738640e-01	1.250000000000000000e+02
9.856926014160364291e-01	9.537284382596883381e-01	9.424989632315646793e-01	1.260000000000000000e+02
9.960241164073001530e-01	9.613594854417734092e-01	9.547319679501318213e-01	1.270000000000000000e+02
9.929465713958280926e-01	9.624950474926350363e-01	9.559434003782295575e-01	1.280000000000000000e+02
9.879753322494366774e-01	9.527413049569490866e-01	9.429761261210309886e-01	1.290000000000000000e+02
9.831730056703963383e-01	9.430026423301274274e-01	9.298855778851661258e-01	1.300000000000000000e+02
9.785300630390106891e-01	9.332746254060176883e-01	9.167269677008393902e-01	1.310000000000000000e+02
9.740370071358031012e-01	9.235554826689515995e-01	9.035305347541082721e-01	1.320000000000000000e+02
9.696873783584534223e-01	9.138435297123752576e-01	8.903139260056613935e-01	1.330000000000000000e+02
9.654705513075988454e-01	9.041388379347222726e-01	8.770954595261991615e-01	1.340000000000000000e+02
9.613792717566760349e-01	8.944407340601016054e-01	8.638874867949153380e-01	1.350000000000000000e+02
9.574093627706498078e-01	8.847477323548132988e-01	8.506977462504841103e-01	1.360000000000000000e+02
9.535539530485049875e-01	8.750592970616456467e-01	8.375363153770161162e-01	1.370000000000000000e+02
9.498099448974921533e-01	8.653737293544496723e-01	8.244087124000882838e-01	1.380000000000000000e+02
9.461696368652127154e-01	8.556909106680403720e-01	8.113252056148871905e-01	1.390000000000000000e+02
9.426274823107312351e-01	8.460100833099912787e-01	7.982934945547430772e-01	1.400000000000000000e+02
9.391814031708908272e-01	8.363293226790544654e-01	7.853175267180771968e-01	1.410000000000000000e+02
9.358291514810045397e-01	8.266467053893982175e-01	7.724015779733056641e-01	1.420000000000000000e+02
9.325597962274684294e-01	8.169634618065561016e-01	7.595588667076635936e-01	1.430000000000000000e+02
9.293730414502741066e-01	8.072770597070235699e-01	7.467916161366018324e-01	1.440000000000000000e+02
9.262675032148144361e-01	7.975852529389979573e-01	7.341035021423711893e-01	1.450000000000000000e+02
9.232310826780414370e-01	7.878898853693877546e-01	7.215088802422940928e-01	1.460000000000000000e+02
9.202669066494313377e-01	7.781870483196350330e-01	7.090071532468011917e-01	1.470000000000000000e+02
9.173675339667048956e-01	7.684768287069562165e-01	6.966083791270554215e-01	1.480000000000000000e+02
9.145256225599137645e-01	7.587594185469311858e-01	6.843224083884539288e-01	1.490000000000000000e+02
9.117446154850776807e-01	7.490305703079717103e-01	6.721493775876695720e-01	1.500000000000000000e+02
9.090093225943254307e-01	7.392937652846148788e-01	6.601066752862057019e-01	1.510000000000000000e+02
9.063262432209300279e-01	7.295433927350198910e-01	6.481923384194880899e-01	1.520000000000000000e+02
9.036801677313246461e-01	7.197831388031626920e-01	6.364238598248826984e-01	1.530000000000000000e+02
9.010734709028646039e-01	7.100090852010183529e-01	6.248036449309976037e-01	1.540000000000000000e+02
8.984977289947247980e-01	7.002221017835124073e-01	6.133435824284195759e-01	1.550000000000000000e+02
8.959448175190380947e-01	6.904230488507195895e-01	6.020553467014453375e-01	1.560000000000000000e+02
8.934169374824112442e-01	6.806079762754529972e-01	5.909427211818638614e-01	1.570000000000000000e+02
8.909007065001138814e-01	6.707803603124069536e-01	5.800218824162358677e-01	1.580000000000000000e+02
8.883901310872971413e-01	6.609403341412812827e-01	5.693032410928268172e-01	1.590000000000000000e+02
8.858857564182475164e-01	6.510847408814786075e-01	5.587929781857633449e-01	1.600000000000000000e+02
8.833758335658833394e-01	6.412167153619232618e-01	5.485060926536051706e-01	1.610000000000000000e+02
8.808526560767698799e-01	6.313375546451687192e-01	5.384546284697204754e-01	1.620000000000000000e+02
8.783096143626094587e-01	6.214481400959551705e-01	5.286499027341695633e-01	1.630000000000000000e+02
8.757396577707700080e-01	6.115497437037059614e-01	5.191034986398300743e-01	1.640000000000000000e+02
8.731353716009645494e-01	6.016440218264679229e-01	5.098271083433153494e-01	1.650000000000000000e+02
8.704898517127563906e-01	5.917325318769300901e-01	5.008320109921232666e-01	1.660000000000000000e+02
8.677933746643061719e-01	5.818187417523605909e-01	4.921304720878583172e-01	1.670000000000000000e+02
8.650373218768856454e-01	5.719058009120521202e-01	4.837336078232042924e-01	1.680000000000000000e+02
8.622131882915863299e-01	5.619971231675624512e-01	4.756517987453218188e-01	1.690000000000000000e+02
8.593125235209843060e-01	5.520964414910624063e-01	4.678945932227275839e-01	1.700000000000000000e+02
8.563275187113601472e-01	5.422074374902611238e-01	4.604704390775934408e-01	1.710000000000000000e+02
8.532489208785696277e-01	5.323351637885095355e-01	4.533869785405712505e-01	1.720000000000000000e+02
8.500682260532613777e-01	5.224846473771275202e-01	4.466502432406260215e-01	1.730000000000000000e+02
8.467773847625142958e-01	5.126610824354778106e-01	4.402646357834213986e-01	1.740000000000000000e+02
8.433688051200481928e-01	5.028698296284929148e-01	4.342328254625100192e-01	1.750000000000000000e+02
8.398354539387646867e-01	4.931163406150360640e-01	4.285556538133931115e-01	1.760000000000000000e+02
8.361717411817883860e-01	4.834054436681296529e-01	4.232322772488490981e-01	1.770000000000000000e+02
8.323715654936778563e-01	4.737428439437527672e-01	4.182598334221776515e-01	1.780000000000000000e+02
8.284293313178805462e-01	4.641343679179618098e-01	4.136333847104105566e-01	1.790000000000000000e+02
8.243409819432772068e-01	4.545850723980460195e-01	4.093463312919964903e-01	1.800000000000000000e+02
8.201037839416409625e-01	4.450992979923983350e-01	4.053907471538567009e-01	1.810000000000000000e+02
8.157148858804535996e-01	4.356818866190727557e-01	4.017567244907205293e-01	1.820000000000000000e+02
8.111724332803932347e-01	4.263371802012336786e-01	3.984330221902525615e-01	1.830000000000000000e+02
8.064757599987353309e-01	4.170687457199906412e-01	3.954075618811593862e-01	1.840000000000000000e+02
8.016248401884282782e-01	4.078798016804561222e-01	3.926673285955977200e-01	1.850000000000000000e+02
7.966200700888209640e-01	3.987733880313177881e-01	3.901983273313188727e-01	1.860000000000000000e+02
7.914627081035047196e-01	3.897518547714309833e-01	3.879863326593121498e-01	1.870000000000000000e+02
7.861544889152464188e-01	3.808171804305052754e-01	3.860167727351598854e-01	1.880000000000000000e+02
7.806975908286128973e-01	3.719709478773793321e-01	3.842749467947522701e-01	1.890000000000000000e+02
7.750946065295488685e-01	3.632143124430415315e-01	3.827462733148862539e-01	1.900000000000000000e+02
7.693483146718876897e-01	3.545482219372822486e-01	3.814161101405533771e-01	1.910000000000000000e+02
7.634618612562839024e-01	3.459731366873764480e-01	3.802703981360827656e-01	1.920000000000000000e+02
7.574385093863533758e-01	3.374892882128650573e-01	3.792953985858554811e-01	1.930000000000000000e+02
7.512815292584120730e-01	3.290968025926441221e-01	3.784775538136042061e-01	1.940000000000000000e+02
7.449942954937557316e-01	3.207955301709982110e-01	3.778039491874345401e-01	1.950000000000000000e+02
7.385802092917187478e-01	3.125851108448208793e-01	3.772623351671446912e-01	1.960000000000000000e+02
7.320425453908825375e-01	3.044651919795218764e-01	3.768407252280271402e-01	1.970000000000000000e+02
7.253844777272380195e-01	2.964353869601090707e-01	3.765275410025999414e-01	1.980000000000000000e+02
7.186091293828880122e-01	2.884951520821265603e-01	3.763120587749609891e-01	1.990000000000000000e+02
7.117194232921723041e-01	2.806440524599581043e-01	3.761837866046018330e-01	2.000000000000000000e+02
7.047181064770208225e-01	2.728817278683792757e-01	3.761326023983833644e-01	2.010000000000000000e+02
6.976077553312269863e-01	2.652078712252498582e-01	3.761489188822342844e-01	2.020000000000000000e+02
6.903907309807904014e-01	2.576223407982740077e-01	3.762234123875395908e-01	2.030000000000000000e+02
6.830691788707401457e-01	2.501251766996478998e-01	3.763470503165722847e-01	2.040000000000000000e+02
6.756450253495923652e-01	2.427166000632905163e-01	3.765112376291308571e-01	2.050000000000000000e+02
6.681199478897736910e-01	2.353971874131096653e-01	3.767072119431935651e-01	2.060000000000000000e+02
6.604953975858752768e-01	2.281678084103292148e-01	3.769264186249997040e-01	2.070000000000000000e+02
6.527725749900092911e-01	2.210296130195321118e-01	3.771608935743959168e-01	2.080000000000000000e+02
6.449524365361378742e-01	2.139843076514045261e-01	3.774020208433885304e-01	2.090000000000000000e+02
6.370357121703141834e-01	2.070340844349906062e-01	3.776410481065270996e-01	2.100000000000000000e+02
6.290228522476588591e-01	2.001816012939224565e-01	3.778697638088155952e-01	2.110000000000000000e+02
6.209140610654275694e-01	1.934301968851256381e-01	3.780795231465927664e-01	2.120000000000000000e+02
6.127093973099999591e-01	1.867839912546376824e-01	3.782604862411554913e-01	2.130000000000000000e+02
6.044085796632029384e-01	1.802477859438483265e-01	3.784036446283020605e-01	2.140000000000000000e+02
5.960111033877117936e-01	1.738273014486109436e-01	3.784993545513076207e-01	2.150000000000000000e+02
5.875164726812397431e-01	1.675292227668017664e-01	3.785360763027649234e-01	2.160000000000000000e+02
5.789237042080277451e-01	1.613612538233492322e-01	3.785036277892998569e-01	2.170000000000000000e+02
5.702318749424475364e-01	1.553321966086386452e-01	3.783897941981084201e-01	2.180000000000000000e+02
5.614400869234114078e-01	1.494518981119737910e-01	3.781811015017664812e-01	2.190000000000000000e+02
5.525468078192706800e-01	1.437316481395627399e-01	3.778656206755851565e-01	2.200000000000000000e+02
5.435513399336623364e-01	1.381834020992215861e-01	3.774270956469747418e-01	2.210000000000000000e+02
5.344523476869228462e-01	1.328205745591714004e-01	3.768510547573414859e-01	2.220000000000000000e+02
5.252490590860583453e-01	1.276571642948226837e-01	3.761206057371028200e-01	2.230000000000000000e+02
5.159409166890613907e-01	1.227077698961649144e-01	3.752181634931030518e-01	2.240000000000000000e+02
5.065275359314098669e-01	1.179873953068078241e-01	3.741258481756745136e-01	2.250000000000000000e+02
4.970094862606700969e-01	1.135102507273525185e-01	3.728240165399555051e-01	2.260000000000000000e+02
4.873875147452157996e-01	1.092900895290939284e-01	3.712936832530205344e-01	2.270000000000000000e+02
4.776636846929598335e-01	1.053382854322213180e-01	3.695146443307523176e-01	2.280000000000000000e+02
4.678406823644111756e-01	1.016639696868212317e-01	3.674675962251261474e-01	2.290000000000000000e+02
4.579224062376822113e-01	9.827257010471381060e-02	3.651336686722140290e-01	2.300000000000000000e+02
4.479142272300737360e-01	9.516467328823315086e-02	3.624948693152750812e-01	2.310000000000000000e+02
4.378219366632667975e-01	9.233702804926527397e-02	3.595359980499557850e-01	2.320000000000000000e+02
4.276541498280850839e-01	8.977833873807859744e-02	3.562424816214088685e-01	2.330000000000000000e+02
4.174183859454597689e-01	8.747530606546034815e-02	3.526049060085804099e-01	2.340000000000000000e+02
4.071255915345244891e-01	8.540529631634713459e-02	3.486150298774420841e-01	2.350000000000000000e+02
3.967856286105107544e-01	8.354411809833145464e-02	3.442697962542596857e-01	2.360000000000000000e+02
3.864089188166675015e-01	8.186386801088474385e-02	3.395695986145768619e-01	2.370000000000000000e+02
3.760093177847632639e-01	8.032840910027330694e-02	3.345173208759940620e-01	2.380000000000000000e+02
3.655956486438599606e-01	7.890908799581267119e-02	3.291213829319667439e-01	2.390000000000000000e+02
3.551788180644854798e-01	7.757286904404381289e-02	3.233921177605426078e-01	2.400000000000000000e+02
3.447703916185554940e-01	7.628540593691715554e-02	3.173425123230489975e-01	2.410000000000000000e+02
3.343807709583655474e-01	7.501482989469084040e-02	3.109880757049465760e-01	2.420000000000000000e+02
3.240169794441694062e-01	7.373607132912786410e-02	3.043457805974978392e-01	2.430000000000000000e+02
3.136867271245838418e-01	7.242375664999271823e-02	2.974334792288178542e-01	2.440000000000000000e+02
3.033965978597532032e-01	7.105554456285854970e-02	2.902695685053472419e-01	2.450000000000000000e+02
2.931519745904860863e-01	6.961223499270854931e-02	2.828725107833537367e-01	2.460000000000000000e+02
2.829570240677184434e-01	6.807769192330058450e-02	2.752604156278259384e-01	2.470000000000000000e+02
2.728147184960094673e-01	6.643864738111260326e-02	2.674506937666321638e-01	2.480000000000000000e+02
2.627280103949526935e-01	6.468251153063607484e-02	2.594603998561850200e-01	2.490000000000000000e+02
2.527008460349181584e-01	6.279554193575384580e-02	2.513069113026256129e-01	2.500000000000000000e+02
2.427300148504168142e-01	6.077640766408487494e-02	2.430029358209253032e-01	2.510000000000000000e+02
2.328143120663325460e-01	5.862034582732120191e-02	2.345611923137640997e-01	2.520000000000000000e+02
2.229565796241130549e-01	5.631582056048472368e-02	2.259966336722644964e-01	2.530000000000000000e+02
2.131544164558207000e-01	5.385979743866721459e-02	2.173200916297954588e-01	2.540000000000000000e+02
2.034002463374002811e-01	5.125715285178860520e-02	2.085372063771265272e-01	2.550000000000000000e+02
