1.000000000000000000e+00	1.000000000000000000e+00	8.980392217636108398e-01	0.000000000000000000e+00
1.000000000000000000e+00	9.990157632266774002e-01	8.929950083003325156e-01	1.000000000000000000e+00
1.000000000000000000e+00	9.980315264533548003e-01	8.879507948370540804e-01	2.000000000000000000e+00
1.000000000000000000e+00	9.970472896800322005e-01	8.829065813737757562e-01	3.000000000000000000e+00
1.000000000000000000e+00	9.960630529067096006e-01	8.778623679104973210e-01	4.000000000000000000e+00
1.000000000000000000e+00	9.950788161333870008e-01	8.728181544472189968e-01	5.000000000000000000e+00
1.000000000000000000e+00	9.940945793600642899e-01	8.677739409839405615e-01	6.000000000000000000e+00
1.000000000000000000e+00	9.931103425867416901e-01	8.627297275206622373e-01	7.000000000000000000e+00
1.000000000000000000e+00	9.921261058134190902e-01	8.576855140573838021e-01	8.000000000000000000e+00
1.000000000000000000e+00	9.911418690400964904e-01	8.526413005941054779e-01	9.000000000000000000e+00
1.000000000000000000e+00	9.901576322667738905e-01	8.475970871308270427e-01	1.000000000000000000e+01
1.000000000000000000e+00	9.891733954934512907e-01	8.425528736675487185e-01	1.100000000000000000e+01
1.000000000000000000e+00	9.881891587201286908e-01	8.375086602042702832e-01	1.200000000000000000e+01
1.000000000000000000e+00	9.872049219468060910e-01	8.324644467409919590e-01	1.300000000000000000e+01
1.000000000000000000e+00	9.862206851734834911e-01	8.274202332777135238e-01	1.400000000000000000e+01
1.000000000000000000e+00	9.852364484001608913e-01	8.223760198144351996e-01	1.500000000000000000e+01
1.000000000000000000e+00	9.842522116268381804e-01	8.173318063511567644e-01	1.600000000000000000e+01
1.000000000000000000e+00	9.832679748535155806e-01	8.122875928878784402e-01	1.700000000000000000e+01
1.000000000000000000e+00	9.822837380801929807e-01	8.072433794246000049e-01	1.800000000000000000e+01
1.000000000000000000e+00	9.812995013068703809e-01	8.021991659613216807e-01	1.900000000000000000e+01
1.000000000000000000e+00	9.803152645335477811e-01	7.971549524980432455e-01	2.000000000000000000e+01
1.000000000000000000e+00	9.793310277602251812e-01	7.921107390347649213e-01	2.100000000000000000e+01
1.000000000000000000e+00	9.783467909869025814e-01	7.870665255714864861e-01	2.200000000000000000e+01
1.000000000000000000e+00	9.773625542135799815e-01	7.820223121082081619e-01	2.300000000000000000e+01
1.000000000000000000e+00	9.763783174402573817e-01	7.769780986449297266e-01	2.400000000000000000e+01
1.000000000000000000e+00	9.753940806669347818e-01	7.719338851816514024e-01	2.500000000000000000e+01
1.000000000000000000e+00	9.744098438936121820e-01	7.668896717183730782e-01	2.600000000000000000e+01
1.000000000000000000e+00	9.734256071202894711e-01	7.618454582550946430e-01	2.700000000000000000e+01
1.000000000000000000e+00	9.724413703469668713e-01	7.568012447918162078e-01	2.800000000000000000e+01
1.000000000000000000e+00	9.714571335736442714e-01	7.517570313285378836e-01	2.900000000000000000e+01
1.000000000000000000e+00	9.704728968003216716e-01	7.467128178652595594e-01	3.000000000000000000e+01
1.000000000000000000e+00	9.694886600269990717e-01	7.416686044019811241e-01	3.100000000000000000e+01
9.999846213004168760e-01	9.683198788586784289e-01	7.365936335395364409e-01	3.200000000000000000e+01
9.998615917037515510e-01	9.658592869253719293e-01	7.313033608829274668e-01	3.300000000000000000e+01
9.997385621070862260e-01	9.633986949920654297e-01	7.260130882263183816e-01	3.400000000000000000e+01
9.996155325104209011e-01	9.609381030587589301e-01	7.207228155697092964e-01	3.500000000000000000e+01
9.994925029137555761e-01	9.584775111254524305e-01	7.154325429131003222e-01	3.600000000000000000e+01
9.993694733170902511e-01	9.560169191921458198e-01	7.101422702564913481e-01	3.700000000000000000e+01
9.992464437204249261e-01	9.535563272588393202e-01	7.048519975998822629e-01	3.800000000000000000e+01
9.991234141237596011e-01	9.510957353255328206e-01	6.995617249432731777e-01	3.900000000000000000e+01
9.990003845270942762e-01	9.486351433922263210e-01	6.942714522866642035e-01	4.000000000000000000e+01
9.988773549304289512e-01	9.461745514589198214e-01	6.889811796300552293e-01	4.100000000000000000e+01
9.987543253337636262e-01	9.437139595256132107e-01	6.836909069734461442e-01	4.200000000000000000e+01
9.986312957370981902e-01	9.412533675923067111e-01	6.784006343168370590e-01	4.300000000000000000e+01
9.985082661404328652e-01	9.387927756590002115e-01	6.731103616602280848e-01	4.400000000000000000e+01
9.983852365437675402e-01	9.363321837256937119e-01	6.678200890036191106e-01	4.500000000000000000e+01
9.982622069471022153e-01	9.338715917923871013e-01	6.625298163470100254e-01	4.600000000000000000e+01
9.981391773504368903e-01	9.314109998590806017e-01	6.572395436904009403e-01	4.700000000000000000e+01
9.980161477537715653e-01	9.289504079257741020e-01	6.519492710337919661e-01	4.800000000000000000e+01
9.978931181571062403e-01	9.264898159924676024e-01	6.466589983771829919e-01	4.900000000000000000e+01
9.977700885604409153e-01	9.240292240591609918e-01	6.413687257205739067e-01	5.000000000000000000e+01
9.976470589637755904e-01	9.215686321258544922e-01	6.360784530639648215e-01	5.100000000000000000e+01
9.975240293671102654e-01	9.191080401925479926e-01	6.307881804073558474e-01	5.200000000000000000e+01
9.974009997704449404e-01	9.166474482592414930e-01	6.254979077507467622e-01	5.300000000000000000e+01
9.972779701737796154e-01	9.141868563259348823e-01	6.202076350941377880e-01	5.400000000000000000e+01
9.971549405771142904e-01	9.117262643926283827e-01	6.149173624375287028e-01	5.500000000000000000e+01
9.970319109804489655e-01	9.092656724593218831e-01	6.096270897809197287e-01	5.600000000000000000e+01
9.969088813837836405e-01	9.068050805260153835e-01	6.043368171243106435e-01	5.700000000000000000e+01
9.967858517871183155e-01	9.043444885927087729e-01	5.990465444677016693e-01	5.800000000000000000e+01
9.966628221904529905e-01	9.018838966594022732e-01	5.937562718110925841e-01	5.900000000000000000e+01
9.965397925937876655e-01	8.994233047260957736e-01	5.884659991544836100e-01	6.000000000000000000e+01
9.964167629971223406e-01	8.969627127927892740e-01	5.831757264978745248e-01	6.100000000000000000e+01
9.962937334004570156e-01	8.945021208594826634e-01	5.778854538412655506e-01	6.200000000000000000e+01
9.961707038037916906e-01	8.920415289261761638e-01	5.725951811846564654e-01	6.300000000000000000e+01
9.960784316062927246e-01	8.892426056020400482e-01	5.665974881134780983e-01	6.400000000000000000e+01
9.960784316062927246e-01	8.854286881054148628e-01	5.584775337985917743e-01	6.500000000000000000e+01
9.960784316062927246e-01	8.816147706087897884e-01	5.503575794837055613e-01	6.600000000000000000e+01
9.960784316062927246e-01	8.778008531121647140e-01	5.422376251688190152e-01	6.700000000000000000e+01
9.960784316062927246e-01	8.739869356155395286e-01	5.341176708539326912e-01	6.800000000000000000e+01
9.960784316062927246e-01	8.701730181189144542e-01	5.259977165390463671e-01	6.900000000000000000e+01
9.960784316062927246e-01	8.663591006222892688e-01	5.178777622241599321e-01	7.000000000000000000e+01
9.960784316062927246e-01	8.625451831256641944e-01	5.097578079092736081e-01	7.100000000000000000e+01
9.960784316062927246e-01	8.587312656290391200e-01	5.016378535943872841e-01	7.200000000000000000e+01
9.960784316062927246e-01	8.549173481324139345e-01	4.935178992795009045e-01	7.300000000000000000e+01
9.960784316062927246e-01	8.511034306357889712e-01	4.853979449646146915e-01	7.400000000000000000e+01
9.960784316062927246e-01	8.472895131391637857e-01	4.772779906497282010e-01	7.500000000000000000e+01
9.960784316062927246e-01	8.434755956425386003e-01	4.691580363348418770e-01	7.600000000000000000e+01
9.960784316062927246e-01	8.396616781459135259e-01	4.610380820199554974e-01	7.700000000000000000e+01
9.960784316062927246e-01	8.358477606492884515e-01	4.529181277050691179e-01	7.800000000000000000e+01
9.960784316062927246e-01	8.320338431526632661e-01	4.447981733901827939e-01	7.900000000000000000e+01
9.960784316062927246e-01	8.282199256560381917e-01	4.366782190752964699e-01	8.000000000000000000e+01
9.960784316062927246e-01	8.244060081594131173e-01	4.285582647604100903e-01	8.100000000000000000e+01
9.960784316062927246e-01	8.205920906627880429e-01	4.204383104455238218e-01	8.200000000000000000e+01
9.960784316062927246e-01	8.167781731661628575e-01	4.123183561306373868e-01	8.300000000000000000e+01
9.960784316062927246e-01	8.129642556695376721e-01	4.041984018157510627e-01	8.400000000000000000e+01
9.960784316062927246e-01	8.091503381729125977e-01	3.960784475008646832e-01	8.500000000000000000e+01
9.960784316062927246e-01	8.053364206762875233e-01	3.879584931859783037e-01	8.600000000000000000e+01
9.960784316062927246e-01	8.015225031796623378e-01	3.798385388710919797e-01	8.700000000000000000e+01
9.960784316062927246e-01	7.977085856830372634e-01	3.717185845562056001e-01	8.800000000000000000e+01
9.960784316062927246e-01	7.938946681864121890e-01	3.635986302413192206e-01	8.900000000000000000e+01
9.960784316062927246e-01	7.900807506897871146e-01	3.554786759264330076e-01	9.000000000000000000e+01
9.960784316062927246e-01	7.862668331931619292e-01	3.473587216115465726e-01	9.100000000000000000e+01
9.960784316062927246e-01	7.824529156965367438e-01	3.392387672966601930e-01	9.200000000000000000e+01
9.960784316062927246e-01	7.786389981999116694e-01	3.311188129817738135e-01	9.300000000000000000e+01
9.960784316062927246e-01	7.748250807032865950e-01	3.229988586668874895e-01	9.400000000000000000e+01
9.960784316062927246e-01	7.710111632066614096e-01	3.148789043520011099e-01	9.500000000000000000e+01
9.960784316062927246e-01	7.666436125250423173e-01	3.080507609774084665e-01	9.600000000000000000e+01
9.960784316062927246e-01	7.613533398684333431e-01	3.033756358366386796e-01	9.700000000000000000e+01
9.960784316062927246e-01	7.560630672118243689e-01	2.987005106958688927e-01	9.800000000000000000e+01
9.960784316062927246e-01	7.507727945552152837e-01	2.940253855550990503e-01	9.900000000000000000e+01
9.960784316062927246e-01	7.454825218986061985e-01	2.893502604143292078e-01	1.000000000000000000e+02
9.960784316062927246e-01	7.401922492419972244e-01	2.846751352735594209e-01	1.010000000000000000e+02
9.960784316062927246e-01	7.349019765853881392e-01	2.800000101327896340e-01	1.020000000000000000e+02
9.960784316062927246e-01	7.296117039287791650e-01	2.753248849920197916e-01	1.030000000000000000e+02
9.960784316062927246e-01	7.243214312721700798e-01	2.706497598512500047e-01	1.040000000000000000e+02
9.960784316062927246e-01	7.190311586155611057e-01	2.659746347104801623e-01	1.050000000000000000e+02
9.960784316062927246e-01	7.137408859589521315e-01	2.612995095697104309e-01	1.060000000000000000e+02
9.960784316062927246e-01	7.084506133023430463e-01	2.566243844289405884e-01	1.070000000000000000e+02
9.960784316062927246e-01	7.031603406457339611e-01	2.519492592881707460e-01	1.080000000000000000e+02
9.960784316062927246e-01	6.978700679891249870e-01	2.472741341474009591e-01	1.090000000000000000e+02
9.960784316062927246e-01	6.925797953325159018e-01	2.425990090066311444e-01	1.100000000000000000e+02
9.960784316062927246e-01	6.872895226759069276e-01	2.379238838658613298e-01	1.110000000000000000e+02
9.960784316062927246e-01	6.819992500192978424e-01	2.332487587250915428e-01	1.120000000000000000e+02
9.960784316062927246e-01	6.767089773626888682e-01	2.285736335843217282e-01	1.130000000000000000e+02
9.960784316062927246e-01	6.714187047060798941e-01	2.238985084435519690e-01	1.140000000000000000e+02
9.960784316062927246e-01	6.661284320494708089e-01	2.192233833027820988e-01	1.150000000000000000e+02
9.960784316062927246e-01	6.608381593928617237e-01	2.145482581620122842e-01	1.160000000000000000e+02
9.960784316062927246e-01	6.555478867362527495e-01	2.098731330212424973e-01	1.170000000000000000e+02
9.960784316062927246e-01	6.502576140796436643e-01	2.051980078804726826e-01	1.180000000000000000e+02
9.960784316062927246e-01	6.449673414230346902e-01	2.005228827397028679e-01	1.190000000000000000e+02
9.960784316062927246e-01	6.396770687664256050e-01	1.958477575989330532e-01	1.200000000000000000e+02
9.960784316062927246e-01	6.343867961098166308e-01	1.911726324581632386e-01	1.210000000000000000e+02
9.960784316062927246e-01	6.290965234532076567e-01	1.864975073173935072e-01	1.220000000000000000e+02
9.960784316062927246e-01	6.238062507965985715e-01	1.818223821766236370e-01	1.230000000000000000e+02
9.960784316062927246e-01	6.185159781399894863e-01	1.771472570358538223e-01	1.240000000000000000e+02
9.960784316062927246e-01	6.132257054833805121e-01	1.724721318950840077e-01	1.250000000000000000e+02
9.960784316062927246e-01	6.079354328267714269e-01	1.677970067543141930e-01	1.260000000000000000e+02
9.960784316062927246e-01	6.026451601701624528e-01	1.631218816135444061e-01	1.270000000000000000e+02
9.949711652363047998e-01	5.974779166427313104e-01	1.594925081613016993e-01	1.280000000000000000e+02
9.927566324963289501e-01	5.924337022444781109e-01	1.569088863975861559e-01	1.290000000000000000e+02
9.905420997563529895e-01	5.873894878462249114e-01	1.543252646338705847e-01	1.300000000000000000e+02
9.883275670163771398e-01	5.823452734479717119e-01	1.517416428701550413e-01	1.310000000000000000e+02
9.861130342764014012e-01	5.773010590497186234e-01	1.491580211064395534e-01	1.320000000000000000e+02
9.838985015364254405e-01	5.722568446514653129e-01	1.465743993427239267e-01	1.330000000000000000e+02
9.816839687964495909e-01	5.672126302532121134e-01	1.439907775790083555e-01	1.340000000000000000e+02
9.794694360564736302e-01	5.621684158549589139e-01	1.414071558152928121e-01	1.350000000000000000e+02
9.772549033164977805e-01	5.571242014567057144e-01	1.388235340515772409e-01	1.360000000000000000e+02
9.750403705765219309e-01	5.520799870584525149e-01	1.362399122878616975e-01	1.370000000000000000e+02
9.728258378365460812e-01	5.470357726601993154e-01	1.336562905241461263e-01	1.380000000000000000e+02
9.706113050965702316e-01	5.419915582619461158e-01	1.310726687604305829e-01	1.390000000000000000e+02
9.683967723565942709e-01	5.369473438636929163e-01	1.284890469967150395e-01	1.400000000000000000e+02
9.661822396166184213e-01	5.319031294654397168e-01	1.259054252329994683e-01	1.410000000000000000e+02
9.639677068766425716e-01	5.268589150671865173e-01	1.233218034692839110e-01	1.420000000000000000e+02
9.617531741366667219e-01	5.218147006689333178e-01	1.207381817055683537e-01	1.430000000000000000e+02
9.595386413966908723e-01	5.167704862706801183e-01	1.181545599418527825e-01	1.440000000000000000e+02
9.573241086567149116e-01	5.117262718724269188e-01	1.155709381781372391e-01	1.450000000000000000e+02
9.551095759167390620e-01	5.066820574741737193e-01	1.129873164144216680e-01	1.460000000000000000e+02
9.528950431767632123e-01	5.016378430759205198e-01	1.104036946507061245e-01	1.470000000000000000e+02
9.506805104367873627e-01	4.965936286776674868e-01	1.078200728869906366e-01	1.480000000000000000e+02
9.484659776968114020e-01	4.915494142794141208e-01	1.052364511232750099e-01	1.490000000000000000e+02
9.462514449568355523e-01	4.865051998811609213e-01	1.026528293595594388e-01	1.500000000000000000e+02
9.440369122168597027e-01	4.814609854829077218e-01	1.000692075958438954e-01	1.510000000000000000e+02
9.418223794768838530e-01	4.764167710846545778e-01	9.748558583212833806e-02	1.520000000000000000e+02
9.396078467369080034e-01	4.713725566864013228e-01	9.490196406841278076e-02	1.530000000000000000e+02
9.373933139969320427e-01	4.663283422881481233e-01	9.231834230469722347e-02	1.540000000000000000e+02
9.351787812569561931e-01	4.612841278898949238e-01	8.973472054098166617e-02	1.550000000000000000e+02
9.329642485169803434e-01	4.562399134916417798e-01	8.715109877726610887e-02	1.560000000000000000e+02
9.307497157770044938e-01	4.511956990933885803e-01	8.456747701355055158e-02	1.570000000000000000e+02
9.285351830370285331e-01	4.461514846951353808e-01	8.198385524983499428e-02	1.580000000000000000e+02
9.263206502970526834e-01	4.411072702968821813e-01	7.940023348611943699e-02	1.590000000000000000e+02
9.230296085862552680e-01	4.364475239725673639e-01	7.704729223441258990e-02	1.600000000000000000e+02
9.190926614929647576e-01	4.320184584926156646e-01	7.483275928991098280e-02	1.610000000000000000e+02
9.151557143996743582e-01	4.275893930126639098e-01	7.261822634540936183e-02	1.620000000000000000e+02
9.112187673063839588e-01	4.231603275327121549e-01	7.040369340090775474e-02	1.630000000000000000e+02
9.072818202130935594e-01	4.187312620527605111e-01	6.818916045640620316e-02	1.640000000000000000e+02
9.033448731198030490e-01	4.143021965728086453e-01	6.597462751190452668e-02	1.650000000000000000e+02
8.994079260265126496e-01	4.098731310928568905e-01	6.376009456740290571e-02	1.660000000000000000e+02
8.954709789332221392e-01	4.054440656129051357e-01	6.154556162290128474e-02	1.670000000000000000e+02
8.915340318399317399e-01	4.010150001329534364e-01	5.933102867839967764e-02	1.680000000000000000e+02
8.875970847466412295e-01	3.965859346530016816e-01	5.711649573389805667e-02	1.690000000000000000e+02
8.836601376533508301e-01	3.921568691730499268e-01	5.490196278939644958e-02	1.700000000000000000e+02
8.797231905600604307e-01	3.877278036930981719e-01	5.268742984489482861e-02	1.710000000000000000e+02
8.757862434667699203e-01	3.832987382131464171e-01	5.047289690039321458e-02	1.720000000000000000e+02
8.718492963734795209e-01	3.788696727331947178e-01	4.825836395589160055e-02	1.730000000000000000e+02
8.679123492801890105e-01	3.744406072532429630e-01	4.604383101138998652e-02	1.740000000000000000e+02
8.639754021868986111e-01	3.700115417732912082e-01	4.382929806688837249e-02	1.750000000000000000e+02
8.600384550936082118e-01	3.655824762933394534e-01	4.161476512238675152e-02	1.760000000000000000e+02
8.561015080003177014e-01	3.611534108133876986e-01	3.940023217788513749e-02	1.770000000000000000e+02
8.521645609070273020e-01	3.567243453334359438e-01	3.718569923338352345e-02	1.780000000000000000e+02
8.482276138137369026e-01	3.522952798534841889e-01	3.497116628888190942e-02	1.790000000000000000e+02
8.442906667204465032e-01	3.478662143735326007e-01	3.275663334438035784e-02	1.800000000000000000e+02
8.403537196271559928e-01	3.434371488935806793e-01	3.054210039987867442e-02	1.810000000000000000e+02
8.364167725338655934e-01	3.390080834136289800e-01	2.832756745537706039e-02	1.820000000000000000e+02
8.324798254405750830e-01	3.345790179336772252e-01	2.611303451087544636e-02	1.830000000000000000e+02
8.285428783472846836e-01	3.301499524537254704e-01	2.389850156637383233e-02	1.840000000000000000e+02
8.246059312539941732e-01	3.257208869737737156e-01	2.168396862187221830e-02	1.850000000000000000e+02
8.206689841607037739e-01	3.212918214938219608e-01	1.946943567737060427e-02	1.860000000000000000e+02
8.167320370674133745e-01	3.168627560138702615e-01	1.725490273286899023e-02	1.870000000000000000e+02
8.127950899741228641e-01	3.124336905339184511e-01	1.504036978836736926e-02	1.880000000000000000e+02
8.088581428808324647e-01	3.080046250539667518e-01	1.282583684386576217e-02	1.890000000000000000e+02
8.049211957875419543e-01	3.035755595740149970e-01	1.061130389936414120e-02	1.900000000000000000e+02
8.009842486942515549e-01	2.991464940940632422e-01	8.396770954862534109e-03	1.910000000000000000e+02
7.952941298484802468e-01	2.958246946334838756e-01	8.027682135648587375e-03	1.920000000000000000e+02
7.890196204185485618e-01	2.928719838460286384e-01	8.273741358197202189e-03	1.930000000000000000e+02
7.827451109886169878e-01	2.899192730585734012e-01	8.519800580745818738e-03	1.940000000000000000e+02
7.764706015586853027e-01	2.869665622711181641e-01	8.765859803294433553e-03	1.950000000000000000e+02
7.701960921287538397e-01	2.840138514836629824e-01	9.011919025843043163e-03	1.960000000000000000e+02
7.639215826988220437e-01	2.810611406962076897e-01	9.257978248391664916e-03	1.970000000000000000e+02
7.576470732688903587e-01	2.781084299087524525e-01	9.504037470940281465e-03	1.980000000000000000e+02
7.513725638389587846e-01	2.751557191212972153e-01	9.750096693488896279e-03	1.990000000000000000e+02
7.450980544090270996e-01	2.722030083338419781e-01	9.996155916037512829e-03	2.000000000000000000e+02
7.388235449790954146e-01	2.692502975463867410e-01	1.024221513858612764e-02	2.010000000000000000e+02
7.325490355491638406e-01	2.662975867589314483e-01	1.048827436113474419e-02	2.020000000000000000e+02
7.262745261192321555e-01	2.633448759714762111e-01	1.073433358368336074e-02	2.030000000000000000e+02
7.200000166893005815e-01	2.603921651840209739e-01	1.098039280623197556e-02	2.040000000000000000e+02
7.137255072593688965e-01	2.574394543965657367e-01	1.122645202878059037e-02	2.050000000000000000e+02
7.074509978294372115e-01	2.544867436091104995e-01	1.147251125132920692e-02	2.060000000000000000e+02
7.011764883995056374e-01	2.515340328216552623e-01	1.171857047387782347e-02	2.070000000000000000e+02
6.949019789695739524e-01	2.485813220342000252e-01	1.196462969642643828e-02	2.080000000000000000e+02
6.886274695396423784e-01	2.456286112467447880e-01	1.221068891897505310e-02	2.090000000000000000e+02
6.823529601097106934e-01	2.426759004592895508e-01	1.245674814152366965e-02	2.100000000000000000e+02
6.760784506797790083e-01	2.397231896718343136e-01	1.270280736407228619e-02	2.110000000000000000e+02
6.698039412498475453e-01	2.367704788843791597e-01	1.294886658662089407e-02	2.120000000000000000e+02
6.635294318199157493e-01	2.338177680969238392e-01	1.319492580916951582e-02	2.130000000000000000e+02
6.572549223899841753e-01	2.308650573094686020e-01	1.344098503171813237e-02	2.140000000000000000e+02
6.509804129600524902e-01	2.279123465220133649e-01	1.368704425426674892e-02	2.150000000000000000e+02
6.447059035301208052e-01	2.249596357345580999e-01	1.393310347681536374e-02	2.160000000000000000e+02
6.384313941001892312e-01	2.220069249471028627e-01	1.417916269936397855e-02	2.170000000000000000e+02
6.321568846702575462e-01	2.190542141596476255e-01	1.442522192191259510e-02	2.180000000000000000e+02
6.258823752403259721e-01	2.161015033721923606e-01	1.467128114446121165e-02	2.190000000000000000e+02
6.196078658103942871e-01	2.131487925847371234e-01	1.491734036700982646e-02	2.200000000000000000e+02
6.133333563804626021e-01	2.101960817972818862e-01	1.516339958955844128e-02	2.210000000000000000e+02
6.070588469505310281e-01	2.072433710098266491e-01	1.540945881210705783e-02	2.220000000000000000e+02
6.007843375205993430e-01	2.042906602223714119e-01	1.565551803465567438e-02	2.230000000000000000e+02
5.945098272725647393e-01	2.023068079177071099e-01	1.590157723163857298e-02	2.240000000000000000e+02
5.882353169076582899e-01	2.004613639677272074e-01	1.614763642496922294e-02	2.250000000000000000e+02
5.819608065427518406e-01	1.986159200177473050e-01	1.639369561829987637e-02	2.260000000000000000e+02
5.756862961778453913e-01	1.967704760677674303e-01	1.663975481163052980e-02	2.270000000000000000e+02
5.694117858129390530e-01	1.949250321177875833e-01	1.688581400496117629e-02	2.280000000000000000e+02
5.631372754480324927e-01	1.930795881678076253e-01	1.713187319829183319e-02	2.290000000000000000e+02
5.568627650831259324e-01	1.912341442178277506e-01	1.737793239162248662e-02	2.300000000000000000e+02
5.505882547182194831e-01	1.893887002678478482e-01	1.762399158495314005e-02	2.310000000000000000e+02
5.443137443533130337e-01	1.875432563178679457e-01	1.787005077828379349e-02	2.320000000000000000e+02
5.380392339884065844e-01	1.856978123678880710e-01	1.811610997161444692e-02	2.330000000000000000e+02
5.317647236235001351e-01	1.838523684179081685e-01	1.836216916494509688e-02	2.340000000000000000e+02
5.254902132585936858e-01	1.820069244679282661e-01	1.860822835827575031e-02	2.350000000000000000e+02
5.192157028936872365e-01	1.801614805179483636e-01	1.885428755160640374e-02	2.360000000000000000e+02
5.129411925287807872e-01	1.783160365679684889e-01	1.910034674493705370e-02	2.370000000000000000e+02
5.066666821638743379e-01	1.764705926179885864e-01	1.934640593826770713e-02	2.380000000000000000e+02
5.003921717989678886e-01	1.746251486680086840e-01	1.959246513159836056e-02	2.390000000000000000e+02
4.941176614340613837e-01	1.727797047180288093e-01	1.983852432492901399e-02	2.400000000000000000e+02
4.878431510691549344e-01	1.709342607680489068e-01	2.008458351825966742e-02	2.410000000000000000e+02
4.815686407042484851e-01	1.690888168180690043e-01	2.033064271159031738e-02	2.420000000000000000e+02
4.752941303393419803e-01	1.672433728680891019e-01	2.057670190492097081e-02	2.430000000000000000e+02
4.690196199744357530e-01	1.653979289181092827e-01	2.082276109825161731e-02	2.440000000000000000e+02
4.627451096095290817e-01	1.635524849681293247e-01	2.106882029158227421e-02	2.450000000000000000e+02
4.564705992446226324e-01	1.617070410181494222e-01	2.131487948491292764e-02	2.460000000000000000e+02
4.501960888797161831e-01	1.598615970681695475e-01	2.156093867824358107e-02	2.470000000000000000e+02
4.439215785148097337e-01	1.580161531181896450e-01	2.180699787157423450e-02	2.480000000000000000e+02
4.376470681499032289e-01	1.561707091682097426e-01	2.205305706490488793e-02	2.490000000000000000e+02
4.313725577849967796e-01	1.543252652182298679e-01	2.229911625823553789e-02	2.500000000000000000e+02
4.250980474200903303e-01	1.524798212682499654e-01	2.254517545156619132e-02	2.510000000000000000e+02
4.188235370551838255e-01	1.506343773182700629e-01	2.279123464489684475e-02	2.520000000000000000e+02
4.125490266902773762e-01	1.487889333682901882e-01	2.303729383822749471e-02	2.530000000000000000e+02
4.062745163253709269e-01	1.469434894183102858e-01	2.328335303155814814e-02	2.540000000000000000e+02
4.000000059604644775e-01	1.450980454683303833e-01	2.352941222488880157e-02	2.550000000000000000e+02
