6.470588445663452148e-01	0.000000000000000000e+00	1.490196138620376587e-01	0.000000000000000000e+00
6.547481942433478475e-01	7.381776274281800880e-03	1.491734008555777036e-01	1.000000000000000000e+00
6.624375439203504801e-01	1.476355254856360176e-02	1.493271878491177762e-01	2.000000000000000000e+00
6.701268935973532237e-01	2.214532882284540177e-02	1.494809748426578211e-01	3.000000000000000000e+00
6.778162432743558563e-01	2.952710509712720352e-02	1.496347618361978660e-01	4.000000000000000000e+00
6.855055929513584889e-01	3.690888137140900527e-02	1.497885488297379109e-01	5.000000000000000000e+00
6.931949426283611215e-01	4.429065764569080355e-02	1.499423358232779835e-01	6.000000000000000000e+00
7.008842923053637541e-01	5.167243391997260876e-02	1.500961228168180284e-01	7.000000000000000000e+00
7.085736419823664978e-01	5.905421019425440704e-02	1.502499098103580732e-01	8.000000000000000000e+00
7.162629916593691304e-01	6.643598646853621226e-02	1.504036968038981459e-01	9.000000000000000000e+00
7.239523413363717630e-01	7.381776274281801054e-02	1.505574837974381908e-01	1.000000000000000000e+01
7.316416910133743956e-01	8.119953901709980881e-02	1.507112707909782356e-01	1.100000000000000000e+01
7.393310406903770282e-01	8.858131529138160709e-02	1.508650577845183083e-01	1.200000000000000000e+01
7.470203903673797718e-01	9.596309156566341925e-02	1.510188447780583532e-01	1.300000000000000000e+01
7.547097400443824045e-01	1.033448678399452175e-01	1.511726317715983980e-01	1.400000000000000000e+01
7.623990897213850371e-01	1.107266441142270158e-01	1.513264187651384429e-01	1.500000000000000000e+01
7.700884393983876697e-01	1.181084203885088141e-01	1.514802057586785156e-01	1.600000000000000000e+01
7.777777890753903023e-01	1.254901966627906262e-01	1.516339927522185604e-01	1.700000000000000000e+01
7.854671387523930459e-01	1.328719729370724245e-01	1.517877797457586053e-01	1.800000000000000000e+01
7.931564884293955675e-01	1.402537492113542228e-01	1.519415667392986780e-01	1.900000000000000000e+01
8.008458381063983111e-01	1.476355254856360211e-01	1.520953537328387228e-01	2.000000000000000000e+01
8.085351877834009438e-01	1.550173017599178193e-01	1.522491407263787677e-01	2.100000000000000000e+01
8.162245374604035764e-01	1.623990780341996176e-01	1.524029277199188126e-01	2.200000000000000000e+01
8.239138871374062090e-01	1.697808543084814159e-01	1.525567147134588852e-01	2.300000000000000000e+01
8.316032368144088416e-01	1.771626305827632142e-01	1.527105017069989301e-01	2.400000000000000000e+01
8.392925864914115852e-01	1.845444068570450402e-01	1.528642887005389750e-01	2.500000000000000000e+01
8.453671739633979998e-01	1.929257978296702036e-01	1.550941988212792555e-01	2.600000000000000000e+01
8.498269967760595511e-01	2.023068050199726964e-01	1.594002352247600174e-01	2.700000000000000000e+01
8.542868195887211025e-01	2.116878122102751891e-01	1.637062716282407515e-01	2.800000000000000000e+01
8.587466424013826538e-01	2.210688194005776819e-01	1.680123080317214856e-01	2.900000000000000000e+01
8.632064652140442051e-01	2.304498265908801746e-01	1.723183444352022198e-01	3.000000000000000000e+01
8.676662880267057565e-01	2.398308337811826396e-01	1.766243808386829817e-01	3.100000000000000000e+01
8.721261108393671968e-01	2.492118409714851324e-01	1.809304172421637158e-01	3.200000000000000000e+01
8.765859336520287481e-01	2.585928481617875696e-01	1.852364536456444222e-01	3.300000000000000000e+01
8.810457564646902995e-01	2.679738553520901179e-01	1.895424900491251841e-01	3.400000000000000000e+01
8.855055792773518508e-01	2.773548625423926106e-01	1.938485264526059182e-01	3.500000000000000000e+01
8.899654020900134022e-01	2.867358697326951034e-01	1.981545628560866801e-01	3.600000000000000000e+01
8.944252249026749535e-01	2.961168769229975406e-01	2.024605992595673865e-01	3.700000000000000000e+01
8.988850477153365048e-01	3.054978841133000889e-01	2.067666356630481483e-01	3.800000000000000000e+01
9.033448705279980562e-01	3.148788913036025816e-01	2.110726720665288825e-01	3.900000000000000000e+01
9.078046933406596075e-01	3.242598984939051299e-01	2.153787084700096166e-01	4.000000000000000000e+01
9.122645161533210478e-01	3.336409056842075116e-01	2.196847448734903230e-01	4.100000000000000000e+01
9.167243389659827102e-01	3.430219128745100599e-01	2.239907812769711126e-01	4.200000000000000000e+01
9.211841617786441505e-01	3.524029200648125526e-01	2.282968176804518468e-01	4.300000000000000000e+01
9.256439845913057018e-01	3.617839272551150454e-01	2.326028540839326086e-01	4.400000000000000000e+01
9.301038074039672532e-01	3.711649344454174271e-01	2.369088904874132873e-01	4.500000000000000000e+01
9.345636302166288045e-01	3.805459416357200308e-01	2.412149268908940769e-01	4.600000000000000000e+01
9.390234530292903559e-01	3.899269488260225236e-01	2.455209632943748110e-01	4.700000000000000000e+01
9.434832758419519072e-01	3.993079560163250163e-01	2.498269996978555452e-01	4.800000000000000000e+01
9.479430986546133475e-01	4.086889632066273981e-01	2.541330361013362515e-01	4.900000000000000000e+01
9.524029214672750099e-01	4.180699703969300018e-01	2.584390725048170134e-01	5.000000000000000000e+01
9.568627442799364502e-01	4.274509775872324946e-01	2.627451089082977753e-01	5.100000000000000000e+01
9.582468294561117261e-01	4.374471321237956012e-01	2.673587181370156718e-01	5.200000000000000000e+01
9.596309122948499803e-01	4.474432871278459234e-01	2.719723275994765377e-01	5.300000000000000000e+01
9.610149951335882346e-01	4.574394421318964121e-01	2.765859370619375146e-01	5.400000000000000000e+01
9.623990779723264888e-01	4.674355971359467898e-01	2.811995465243984360e-01	5.500000000000000000e+01
9.637831608110648540e-01	4.774317521399971675e-01	2.858131559868593019e-01	5.600000000000000000e+01
9.651672436498031082e-01	4.874279071440474898e-01	2.904267654493201678e-01	5.700000000000000000e+01
9.665513264885413625e-01	4.974240621480979230e-01	2.950403749117811447e-01	5.800000000000000000e+01
9.679354093272796167e-01	5.074202171521482452e-01	2.996539843742420106e-01	5.900000000000000000e+01
9.693194921660178709e-01	5.174163721561987339e-01	3.042675938367029320e-01	6.000000000000000000e+01
9.707035750047561251e-01	5.274125271602490006e-01	3.088812032991637979e-01	6.100000000000000000e+01
9.720876578434944904e-01	5.374086821642994893e-01	3.134948127616247748e-01	6.200000000000000000e+01
9.734717406822327446e-01	5.474048371683498670e-01	3.181084222240856407e-01	6.300000000000000000e+01
9.748558235209709988e-01	5.574009921724002448e-01	3.227220316865465621e-01	6.400000000000000000e+01
9.762399063597092530e-01	5.673971471764506225e-01	3.273356411490074835e-01	6.500000000000000000e+01
9.776239891984475072e-01	5.773933021805008892e-01	3.319492506114682939e-01	6.600000000000000000e+01
9.790080720371857614e-01	5.873894571845513779e-01	3.365628600739292708e-01	6.700000000000000000e+01
9.803921548759241267e-01	5.973856121886017556e-01	3.411764695363901922e-01	6.800000000000000000e+01
9.817762377146623809e-01	6.073817671926521333e-01	3.457900789988511137e-01	6.900000000000000000e+01
9.831603205534006351e-01	6.173779221967025110e-01	3.504036884613119796e-01	7.000000000000000000e+01
9.845444033921388893e-01	6.273740772007528887e-01	3.550172979237729010e-01	7.100000000000000000e+01
9.859284862308771435e-01	6.373702322048032665e-01	3.596309073862338224e-01	7.200000000000000000e+01
9.873125690696153978e-01	6.473663872088536442e-01	3.642445168486947438e-01	7.300000000000000000e+01
9.886966519083536520e-01	6.573625422129039109e-01	3.688581263111555542e-01	7.400000000000000000e+01
9.900807347470920172e-01	6.673586972169545106e-01	3.734717357736165311e-01	7.500000000000000000e+01
9.914648175858302714e-01	6.773548522210048883e-01	3.780853452360774525e-01	7.600000000000000000e+01
9.922337562475971318e-01	6.861976118602921559e-01	3.840061372218304125e-01	7.700000000000000000e+01
9.923875432525951501e-01	6.938869621101960705e-01	3.912341276254586164e-01	7.800000000000000000e+01
9.925413302575932795e-01	7.015763123600998741e-01	3.984621180290868758e-01	7.900000000000000000e+01
9.926951172625912978e-01	7.092656626100037887e-01	4.056901084327151352e-01	8.000000000000000000e+01
9.928489042675894272e-01	7.169550128599077032e-01	4.129180988363433946e-01	8.100000000000000000e+01
9.930026912725874455e-01	7.246443631098113958e-01	4.201460892399715430e-01	8.200000000000000000e+01
9.931564782775855749e-01	7.323337133597154214e-01	4.273740796435998579e-01	8.300000000000000000e+01
9.933102652825835932e-01	7.400230636096193360e-01	4.346020700472281173e-01	8.400000000000000000e+01
9.934640522875817226e-01	7.477124138595232505e-01	4.418300604508563767e-01	8.500000000000000000e+01
9.936178392925797409e-01	7.554017641094270541e-01	4.490580508544845806e-01	8.600000000000000000e+01
9.937716262975778703e-01	7.630911143593309687e-01	4.562860412581128400e-01	8.700000000000000000e+01
9.939254133025758886e-01	7.707804646092348833e-01	4.635140316617410994e-01	8.800000000000000000e+01
9.940792003075740180e-01	7.784698148591386868e-01	4.707420220653693033e-01	8.900000000000000000e+01
9.942329873125720363e-01	7.861591651090424904e-01	4.779700124689975071e-01	9.000000000000000000e+01
9.943867743175701657e-01	7.938485153589465160e-01	4.851980028726258221e-01	9.100000000000000000e+01
9.945405613225682950e-01	8.015378656088503195e-01	4.924259932762540815e-01	9.200000000000000000e+01
9.946943483275663134e-01	8.092272158587542341e-01	4.996539836798823409e-01	9.300000000000000000e+01
9.948481353325644427e-01	8.169165661086581487e-01	5.068819740835105447e-01	9.400000000000000000e+01
9.950019223375624611e-01	8.246059163585620633e-01	5.141099644871387486e-01	9.500000000000000000e+01
9.951557093425605904e-01	8.322952666084658668e-01	5.213379548907670635e-01	9.600000000000000000e+01
9.953094963475586088e-01	8.399846168583697814e-01	5.285659452943952674e-01	9.700000000000000000e+01
9.954632833525567381e-01	8.476739671082735850e-01	5.357939356980234713e-01	9.800000000000000000e+01
9.956170703575547565e-01	8.553633173581776106e-01	5.430219261016517862e-01	9.900000000000000000e+01
9.957708573625528858e-01	8.630526676080814141e-01	5.502499165052799901e-01	1.000000000000000000e+02
9.959246443675509042e-01	8.707420178579853287e-01	5.574779069089083050e-01	1.010000000000000000e+02
9.960784313725490335e-01	8.784313681078892433e-01	5.647058973125365089e-01	1.020000000000000000e+02
9.962322183775470519e-01	8.831987697039600516e-01	5.719338865474479228e-01	1.030000000000000000e+02
9.963860053825451812e-01	8.879661668589003964e-01	5.791618757823575603e-01	1.040000000000000000e+02
9.965397923875431996e-01	8.927335640138408523e-01	5.863898650172671978e-01	1.050000000000000000e+02
9.966935793925413289e-01	8.975009611687811972e-01	5.936178542521768353e-01	1.060000000000000000e+02
9.968473663975394583e-01	9.022683583237216531e-01	6.008458434870865839e-01	1.070000000000000000e+02
9.970011534025374766e-01	9.070357554786621090e-01	6.080738327219962214e-01	1.080000000000000000e+02
9.971549404075356060e-01	9.118031526336024539e-01	6.153018219569058589e-01	1.090000000000000000e+02
9.973087274125336243e-01	9.165705497885429098e-01	6.225298111918154964e-01	1.100000000000000000e+02
9.974625144175317537e-01	9.213379469434832547e-01	6.297578004267251339e-01	1.110000000000000000e+02
9.976163014225297720e-01	9.261053440984237106e-01	6.369857896616347714e-01	1.120000000000000000e+02
9.977700884275279014e-01	9.308727412533640555e-01	6.442137788965444090e-01	1.130000000000000000e+02
9.979238754325259197e-01	9.356401384083044004e-01	6.514417681314539355e-01	1.140000000000000000e+02
9.980776624375240491e-01	9.404075355632448563e-01	6.586697573663637950e-01	1.150000000000000000e+02
9.982314494425220675e-01	9.451749327181853122e-01	6.658977466012734325e-01	1.160000000000000000e+02
9.983852364475201968e-01	9.499423298731257681e-01	6.731257358361830700e-01	1.170000000000000000e+02
9.985390234525182152e-01	9.547097270280661130e-01	6.803537250710927076e-01	1.180000000000000000e+02
9.986928104575163445e-01	9.594771241830065689e-01	6.875817143060023451e-01	1.190000000000000000e+02
9.988465974625143629e-01	9.642445213379469138e-01	6.948097035409119826e-01	1.200000000000000000e+02
9.990003844675124922e-01	9.690119184928873697e-01	7.020376927758216201e-01	1.210000000000000000e+02
9.991541714725106216e-01	9.737793156478277146e-01	7.092656820107312576e-01	1.220000000000000000e+02
9.993079584775086399e-01	9.785467128027681705e-01	7.164936712456408952e-01	1.230000000000000000e+02
9.994617454825067693e-01	9.833141099577085154e-01	7.237216604805506437e-01	1.240000000000000000e+02
9.996155324875047876e-01	9.880815071126489713e-01	7.309496497154602812e-01	1.250000000000000000e+02
9.997693194925029170e-01	9.928489042675894272e-01	7.381776389503699187e-01	1.260000000000000000e+02
9.999231064975009353e-01	9.976163014225297720e-01	7.454056281852795562e-01	1.270000000000000000e+02
9.976163021329271796e-01	9.990772782450040301e-01	7.534025511389650376e-01	1.280000000000000000e+02
9.928489063987815388e-01	9.972318347350122014e-01	7.621684078114264738e-01	1.290000000000000000e+02
9.880815106646357870e-01	9.953863912250202617e-01	7.709342644838879099e-01	1.300000000000000000e+02
9.833141149304901463e-01	9.935409477150284330e-01	7.797001211563492351e-01	1.310000000000000000e+02
9.785467191963446165e-01	9.916955042050366043e-01	7.884659778288104492e-01	1.320000000000000000e+02
9.737793234621987537e-01	9.898500606950446645e-01	7.972318345012721075e-01	1.330000000000000000e+02
9.690119277280531129e-01	9.880046171850528358e-01	8.059976911737335437e-01	1.340000000000000000e+02
9.642445319939074722e-01	9.861591736750608961e-01	8.147635478461949798e-01	1.350000000000000000e+02
9.594771362597617204e-01	9.843137301650690674e-01	8.235294045186563050e-01	1.360000000000000000e+02
9.547097405256160796e-01	9.824682866550772387e-01	8.322952611911177412e-01	1.370000000000000000e+02
9.499423447914704388e-01	9.806228431450852989e-01	8.410611178635791774e-01	1.380000000000000000e+02
9.451749490573246870e-01	9.787773996350934702e-01	8.498269745360405025e-01	1.390000000000000000e+02
9.404075533231790462e-01	9.769319561251015305e-01	8.585928312085019387e-01	1.400000000000000000e+02
9.356401575890334055e-01	9.750865126151097018e-01	8.673586878809633749e-01	1.410000000000000000e+02
9.308727618548876537e-01	9.732410691051177620e-01	8.761245445534247001e-01	1.420000000000000000e+02
9.261053661207420129e-01	9.713956255951259333e-01	8.848904012258861362e-01	1.430000000000000000e+02
9.213379703865963721e-01	9.695501820851341046e-01	8.936562578983475724e-01	1.440000000000000000e+02
9.165705746524506203e-01	9.677047385751421649e-01	9.024221145708088976e-01	1.450000000000000000e+02
9.118031789183049796e-01	9.658592950651503362e-01	9.111879712432704448e-01	1.460000000000000000e+02
9.070357831841593388e-01	9.640138515551583964e-01	9.199538279157317699e-01	1.470000000000000000e+02
9.022683874500138090e-01	9.621684080451666787e-01	9.287196845881928731e-01	1.480000000000000000e+02
8.975009917158679462e-01	9.603229645351747390e-01	9.374855412606546423e-01	1.490000000000000000e+02
8.927335959817223054e-01	9.584775210251827993e-01	9.462513979331159675e-01	1.500000000000000000e+02
8.879662002475765537e-01	9.566320775151909706e-01	9.550172546055774037e-01	1.510000000000000000e+02
8.831988045134309129e-01	9.547866340051990308e-01	9.637831112780388398e-01	1.520000000000000000e+02
8.784314087792852721e-01	9.529411904952072021e-01	9.725489679505001650e-01	1.530000000000000000e+02
8.702807156547545109e-01	9.489427402632802933e-01	9.702422295062226310e-01	1.540000000000000000e+02
8.621300019607541776e-01	9.449442769416952492e-01	9.679354237437697295e-01	1.550000000000000000e+02
8.539792882667539553e-01	9.409458136201102052e-01	9.656286179813168280e-01	1.560000000000000000e+02
8.458285745727537330e-01	9.369473502985251612e-01	9.633218122188639265e-01	1.570000000000000000e+02
8.376778608787535108e-01	9.329488869769401171e-01	9.610150064564110250e-01	1.580000000000000000e+02
8.295271471847532885e-01	9.289504236553551841e-01	9.587082006939581236e-01	1.590000000000000000e+02
8.213764334907530662e-01	9.249519603337701401e-01	9.564013949315053331e-01	1.600000000000000000e+02
8.132257197967528439e-01	9.209534970121850961e-01	9.540945891690524316e-01	1.610000000000000000e+02
8.050750061027526217e-01	9.169550336906000521e-01	9.517877834065995302e-01	1.620000000000000000e+02
7.969242924087523994e-01	9.129565703690150080e-01	9.494809776441466287e-01	1.630000000000000000e+02
7.887735787147523991e-01	9.089581070474301860e-01	9.471741718816937272e-01	1.640000000000000000e+02
7.806228650207518438e-01	9.049596437258450310e-01	9.448673661192408257e-01	1.650000000000000000e+02
7.724721513267516215e-01	9.009611804042599870e-01	9.425605603567879243e-01	1.660000000000000000e+02
7.643214376327513992e-01	8.969627170826749429e-01	9.402537545943350228e-01	1.670000000000000000e+02
7.561707239387511770e-01	8.929642537610900099e-01	9.379469488318821213e-01	1.680000000000000000e+02
7.480200102447509547e-01	8.889657904395049659e-01	9.356401430694292198e-01	1.690000000000000000e+02
7.398692965507507324e-01	8.849673271179199219e-01	9.333333373069763184e-01	1.700000000000000000e+02
7.317185828567505101e-01	8.809688637963348778e-01	9.310265315445234169e-01	1.710000000000000000e+02
7.235678691627502879e-01	8.769704004747498338e-01	9.287197257820705154e-01	1.720000000000000000e+02
7.154171554687500656e-01	8.729719371531649008e-01	9.264129200196176139e-01	1.730000000000000000e+02
7.072664417747498433e-01	8.689734738315798568e-01	9.241061142571647125e-01	1.740000000000000000e+02
6.991157280807496210e-01	8.649750105099948128e-01	9.217993084947118110e-01	1.750000000000000000e+02
6.909650143867493988e-01	8.609765471884097687e-01	9.194925027322589095e-01	1.760000000000000000e+02
6.828143006927490655e-01	8.569780838668248357e-01	9.171856969698060080e-01	1.770000000000000000e+02
6.746635869987488432e-01	8.529796205452397917e-01	9.148788912073531066e-01	1.780000000000000000e+02
6.663590872553616373e-01	8.475970673680318646e-01	9.118800406087536059e-01	1.790000000000000000e+02
6.579008033325141058e-01	8.408304411647284926e-01	9.081891535887699485e-01	1.800000000000000000e+02
6.494425194096662413e-01	8.340638149614247876e-01	9.044982665687860690e-01	1.810000000000000000e+02
6.409842354868185987e-01	8.272971887581211936e-01	9.008073795488023006e-01	1.820000000000000000e+02
6.325259515639709562e-01	8.205305625548177106e-01	8.971164925288185321e-01	1.830000000000000000e+02
6.240676676411232027e-01	8.137639363515141167e-01	8.934256055088348747e-01	1.840000000000000000e+02
6.156093837182755601e-01	8.069973101482106337e-01	8.897347184888511062e-01	1.850000000000000000e+02
6.071510997954279176e-01	8.002306839449070397e-01	8.860438314688673378e-01	1.860000000000000000e+02
5.986928158725801641e-01	7.934640577416035567e-01	8.823529444488835694e-01	1.870000000000000000e+02
5.902345319497325216e-01	7.866974315382999627e-01	8.786620574288998009e-01	1.880000000000000000e+02
5.817762480268848790e-01	7.799308053349964798e-01	8.749711704089160325e-01	1.890000000000000000e+02
5.733179641040372365e-01	7.731641791316928858e-01	8.712802833889323750e-01	1.900000000000000000e+02
5.648596801811894830e-01	7.663975529283894028e-01	8.675893963689486066e-01	1.910000000000000000e+02
5.564013962583418405e-01	7.596309267250858088e-01	8.638985093489648381e-01	1.920000000000000000e+02
5.479431123354941979e-01	7.528643005217823259e-01	8.602076223289810697e-01	1.930000000000000000e+02
5.394848284126465554e-01	7.460976743184787319e-01	8.565167353089973012e-01	1.940000000000000000e+02
5.310265444897988019e-01	7.393310481151752489e-01	8.528258482890135328e-01	1.950000000000000000e+02
5.225682605669513814e-01	7.325644219118718770e-01	8.491349612690299864e-01	1.960000000000000000e+02
5.141099766441035168e-01	7.257977957085681719e-01	8.454440742490461069e-01	1.970000000000000000e+02
5.056516927212557633e-01	7.190311695052645780e-01	8.417531872290623385e-01	1.980000000000000000e+02
4.971934087984081208e-01	7.122645433019609840e-01	8.380623002090785700e-01	1.990000000000000000e+02
4.887351248755604782e-01	7.054979170986575010e-01	8.343714131890948016e-01	2.000000000000000000e+02
4.802768409527127802e-01	6.987312908953540180e-01	8.306805261691110331e-01	2.010000000000000000e+02
4.718185570298651377e-01	6.919646646920504240e-01	8.269896391491273757e-01	2.020000000000000000e+02
4.633602731070174396e-01	6.851980384887468301e-01	8.232987521291436073e-01	2.030000000000000000e+02
4.549019891841697971e-01	6.784314122854433471e-01	8.196078651091598388e-01	2.040000000000000000e+02
4.476739940552620922e-01	6.698193418800999499e-01	8.151480429725286303e-01	2.050000000000000000e+02
4.404460026662430083e-01	6.612072658648902035e-01	8.106882184984530726e-01	2.060000000000000000e+02
4.332180112772239244e-01	6.525951898496804571e-01	8.062283940243775149e-01	2.070000000000000000e+02
4.259900198882048405e-01	6.439831138344707107e-01	8.017685695503018461e-01	2.080000000000000000e+02
4.187620284991857567e-01	6.353710378192609642e-01	7.973087450762262884e-01	2.090000000000000000e+02
4.115340371101667283e-01	6.267589618040512178e-01	7.928489206021506197e-01	2.100000000000000000e+02
4.043060457211476444e-01	6.181468857888414714e-01	7.883890961280750620e-01	2.110000000000000000e+02
3.970780543321287825e-01	6.095348097736319470e-01	7.839292716539996153e-01	2.120000000000000000e+02
3.898500629431094766e-01	6.009227337584219786e-01	7.794694471799238356e-01	2.130000000000000000e+02
3.826220715540903927e-01	5.923106577432122322e-01	7.750096227058482778e-01	2.140000000000000000e+02
3.753940801650713643e-01	5.836985817280024857e-01	7.705497982317727201e-01	2.150000000000000000e+02
3.681660887760522805e-01	5.750865057127926283e-01	7.660899737576970514e-01	2.160000000000000000e+02
3.609380973870331966e-01	5.664744296975828819e-01	7.616301492836214937e-01	2.170000000000000000e+02
3.537101059980141127e-01	5.578623536823731355e-01	7.571703248095458250e-01	2.180000000000000000e+02
3.464821146089950288e-01	5.492502776671633891e-01	7.527105003354702673e-01	2.190000000000000000e+02
3.392541232199759449e-01	5.406382016519536426e-01	7.482506758613947095e-01	2.200000000000000000e+02
3.320261318309568610e-01	5.320261256367438962e-01	7.437908513873190408e-01	2.210000000000000000e+02
3.247981404419377771e-01	5.234140496215341498e-01	7.393310269132434831e-01	2.220000000000000000e+02
3.175701490529187487e-01	5.148019736063244034e-01	7.348712024391679254e-01	2.230000000000000000e+02
3.103421576638996648e-01	5.061898975911146570e-01	7.304113779650922567e-01	2.240000000000000000e+02
3.031141662748805810e-01	4.975778215759049106e-01	7.259515534910166989e-01	2.250000000000000000e+02
2.958861748858615526e-01	4.889657455606951642e-01	7.214917290169411412e-01	2.260000000000000000e+02
2.886581834968424687e-01	4.803536695454853622e-01	7.170319045428654725e-01	2.270000000000000000e+02
2.814301921078236068e-01	4.717415935302758934e-01	7.125720800687900258e-01	2.280000000000000000e+02
2.742022007188043009e-01	4.631295175150658694e-01	7.081122555947142461e-01	2.290000000000000000e+02
2.690503603847905767e-01	4.539791834567656892e-01	7.034986436206707161e-01	2.300000000000000000e+02
2.659746206171116345e-01	4.442906044449492775e-01	6.987312478865250753e-01	2.310000000000000000e+02
2.628988808494327478e-01	4.346020254331328103e-01	6.939638521523793235e-01	2.320000000000000000e+02
2.598231410817538056e-01	4.249134464213163431e-01	6.891964564182336828e-01	2.330000000000000000e+02
2.567474013140749189e-01	4.152248674094998204e-01	6.844290606840880420e-01	2.340000000000000000e+02
2.536716615463959767e-01	4.055362883976834087e-01	6.796616649499422902e-01	2.350000000000000000e+02
2.505959217787170901e-01	3.958477093858669416e-01	6.748942692157966494e-01	2.360000000000000000e+02
2.475201820110381479e-01	3.861591303740504744e-01	6.701268734816510086e-01	2.370000000000000000e+02
2.444444422433592334e-01	3.764705513622340072e-01	6.653594777475053679e-01	2.380000000000000000e+02
2.413687024756803190e-01	3.667819723504175400e-01	6.605920820133596161e-01	2.390000000000000000e+02
2.382929627080014046e-01	3.570933933386010173e-01	6.558246862792139753e-01	2.400000000000000000e+02
2.352172229403224901e-01	3.474048143267846056e-01	6.510572905450683345e-01	2.410000000000000000e+02
2.321414831726435757e-01	3.377162353149681384e-01	6.462898948109225827e-01	2.420000000000000000e+02
2.290657434049646612e-01	3.280276563031516712e-01	6.415224990767769420e-01	2.430000000000000000e+02
2.259900036372858301e-01	3.183390772913354816e-01	6.367551033426314122e-01	2.440000000000000000e+02
2.229142638696068324e-01	3.086504982795187368e-01	6.319877076084855494e-01	2.450000000000000000e+02
2.198385241019279179e-01	2.989619192677022697e-01	6.272203118743399086e-01	2.460000000000000000e+02
2.167627843342490035e-01	2.892733402558858025e-01	6.224529161401942678e-01	2.470000000000000000e+02
2.136870445665700891e-01	2.795847612440693353e-01	6.176855204060485161e-01	2.480000000000000000e+02
2.106113047988911746e-01	2.698961822322528681e-01	6.129181246719028753e-01	2.490000000000000000e+02
2.075355650312122602e-01	2.602076032204364009e-01	6.081507289377572345e-01	2.500000000000000000e+02
2.044598252635333457e-01	2.505190242086199337e-01	6.033833332036114827e-01	2.510000000000000000e+02
2.013840854958544313e-01	2.408304451968034665e-01	5.986159374694658419e-01	2.520000000000000000e+02
1.983083457281755169e-01	2.311418661849869993e-01	5.938485417353202012e-01	2.530000000000000000e+02
1.952326059604966024e-01	2.214532871731705321e-01	5.890811460011744494e-01	2.540000000000000000e+02
1.921568661928176880e-01	2.117647081613540649e-01	5.843137502670288086e-01	2.550000000000000000e+02
