1.000000000000000000e+00	1.000000000000000000e+00	8.000000119209289551e-01	0.000000000000000000e+00
1.000000000000000000e+00	9.977854672600241503e-01	7.945867096676545449e-01	1.000000000000000000e+00
1.000000000000000000e+00	9.955709345200483007e-01	7.891734074143802458e-01	2.000000000000000000e+00
1.000000000000000000e+00	9.933564017800723400e-01	7.837601051611058356e-01	3.000000000000000000e+00
1.000000000000000000e+00	9.911418690400964904e-01	7.783468029078315364e-01	4.000000000000000000e+00
1.000000000000000000e+00	9.889273363001206407e-01	7.729335006545571263e-01	5.000000000000000000e+00
1.000000000000000000e+00	9.867128035601447911e-01	7.675201984012828271e-01	6.000000000000000000e+00
1.000000000000000000e+00	9.844982708201689414e-01	7.621068961480084170e-01	7.000000000000000000e+00
1.000000000000000000e+00	9.822837380801929807e-01	7.566935938947341178e-01	8.000000000000000000e+00
1.000000000000000000e+00	9.800692053402171311e-01	7.512802916414597076e-01	9.000000000000000000e+00
1.000000000000000000e+00	9.778546726002412814e-01	7.458669893881854085e-01	1.000000000000000000e+01
1.000000000000000000e+00	9.756401398602654318e-01	7.404536871349109983e-01	1.100000000000000000e+01
1.000000000000000000e+00	9.734256071202894711e-01	7.350403848816366992e-01	1.200000000000000000e+01
1.000000000000000000e+00	9.712110743803136215e-01	7.296270826283622890e-01	1.300000000000000000e+01
1.000000000000000000e+00	9.689965416403377718e-01	7.242137803750879899e-01	1.400000000000000000e+01
1.000000000000000000e+00	9.667820089003619222e-01	7.188004781218135797e-01	1.500000000000000000e+01
1.000000000000000000e+00	9.645674761603860725e-01	7.133871758685392805e-01	1.600000000000000000e+01
1.000000000000000000e+00	9.623529434204101118e-01	7.079738736152648704e-01	1.700000000000000000e+01
1.000000000000000000e+00	9.601384106804342622e-01	7.025605713619905712e-01	1.800000000000000000e+01
1.000000000000000000e+00	9.579238779404584125e-01	6.971472691087161611e-01	1.900000000000000000e+01
1.000000000000000000e+00	9.557093452004825629e-01	6.917339668554418619e-01	2.000000000000000000e+01
1.000000000000000000e+00	9.534948124605067132e-01	6.863206646021674517e-01	2.100000000000000000e+01
1.000000000000000000e+00	9.512802797205307526e-01	6.809073623488931526e-01	2.200000000000000000e+01
1.000000000000000000e+00	9.490657469805549029e-01	6.754940600956187424e-01	2.300000000000000000e+01
1.000000000000000000e+00	9.468512142405790533e-01	6.700807578423444433e-01	2.400000000000000000e+01
1.000000000000000000e+00	9.446366815006032036e-01	6.646674555890700331e-01	2.500000000000000000e+01
1.000000000000000000e+00	9.424221487606272429e-01	6.592541533357956229e-01	2.600000000000000000e+01
1.000000000000000000e+00	9.402076160206513933e-01	6.538408510825213238e-01	2.700000000000000000e+01
1.000000000000000000e+00	9.379930832806755436e-01	6.484275488292470246e-01	2.800000000000000000e+01
1.000000000000000000e+00	9.357785505406996940e-01	6.430142465759726145e-01	2.900000000000000000e+01
1.000000000000000000e+00	9.335640178007238443e-01	6.376009443226982043e-01	3.000000000000000000e+01
1.000000000000000000e+00	9.313494850607479947e-01	6.321876420694239052e-01	3.100000000000000000e+01
9.999846213004168760e-01	9.291041949216056750e-01	6.268050970984440085e-01	3.200000000000000000e+01
9.998615917037515510e-01	9.266436029882991754e-01	6.216378531035254840e-01	3.300000000000000000e+01
9.997385621070862260e-01	9.241830110549926758e-01	6.164706091086069595e-01	3.400000000000000000e+01
9.996155325104209011e-01	9.217224191216861762e-01	6.113033651136884350e-01	3.500000000000000000e+01
9.994925029137555761e-01	9.192618271883796766e-01	6.061361211187699105e-01	3.600000000000000000e+01
9.993694733170902511e-01	9.168012352550730659e-01	6.009688771238513860e-01	3.700000000000000000e+01
9.992464437204249261e-01	9.143406433217665663e-01	5.958016331289328615e-01	3.800000000000000000e+01
9.991234141237596011e-01	9.118800513884600667e-01	5.906343891340143371e-01	3.900000000000000000e+01
9.990003845270942762e-01	9.094194594551535671e-01	5.854671451390958126e-01	4.000000000000000000e+01
9.988773549304289512e-01	9.069588675218470675e-01	5.802999011441773991e-01	4.100000000000000000e+01
9.987543253337636262e-01	9.044982755885404568e-01	5.751326571492587636e-01	4.200000000000000000e+01
9.986312957370981902e-01	9.020376836552339572e-01	5.699654131543402391e-01	4.300000000000000000e+01
9.985082661404328652e-01	8.995770917219274576e-01	5.647981691594217146e-01	4.400000000000000000e+01
9.983852365437675402e-01	8.971164997886209580e-01	5.596309251645033012e-01	4.500000000000000000e+01
9.982622069471022153e-01	8.946559078553143474e-01	5.544636811695846657e-01	4.600000000000000000e+01
9.981391773504368903e-01	8.921953159220078478e-01	5.492964371746661412e-01	4.700000000000000000e+01
9.980161477537715653e-01	8.897347239887013481e-01	5.441291931797476167e-01	4.800000000000000000e+01
9.978931181571062403e-01	8.872741320553948485e-01	5.389619491848292032e-01	4.900000000000000000e+01
9.977700885604409153e-01	8.848135401220882379e-01	5.337947051899105677e-01	5.000000000000000000e+01
9.976470589637755904e-01	8.823529481887817383e-01	5.286274611949920432e-01	5.100000000000000000e+01
9.975240293671102654e-01	8.798923562554752387e-01	5.234602172000735187e-01	5.200000000000000000e+01
9.974009997704449404e-01	8.774317643221687391e-01	5.182929732051551053e-01	5.300000000000000000e+01
9.972779701737796154e-01	8.749711723888621284e-01	5.131257292102364698e-01	5.400000000000000000e+01
9.971549405771142904e-01	8.725105804555556288e-01	5.079584852153179453e-01	5.500000000000000000e+01
9.970319109804489655e-01	8.700499885222491292e-01	5.027912412203994208e-01	5.600000000000000000e+01
9.969088813837836405e-01	8.675893965889426296e-01	4.976239972254809518e-01	5.700000000000000000e+01
9.967858517871183155e-01	8.651288046556360189e-01	4.924567532305623718e-01	5.800000000000000000e+01
9.966628221904529905e-01	8.626682127223295193e-01	4.872895092356438473e-01	5.900000000000000000e+01
9.965397925937876655e-01	8.602076207890230197e-01	4.821222652407253229e-01	6.000000000000000000e+01
9.964167629971223406e-01	8.577470288557165201e-01	4.769550212458068539e-01	6.100000000000000000e+01
9.962937334004570156e-01	8.552864369224099095e-01	4.717877772508882739e-01	6.200000000000000000e+01
9.961707038037916906e-01	8.528258449891034099e-01	4.666205332559697494e-01	6.300000000000000000e+01
9.960784316062927246e-01	8.497808624716366444e-01	4.614532894947949715e-01	6.400000000000000000e+01
9.960784316062927246e-01	8.449827082016888591e-01	4.562860464348512668e-01	6.500000000000000000e+01
9.960784316062927246e-01	8.401845539317411848e-01	4.511188033749076176e-01	6.600000000000000000e+01
9.960784316062927246e-01	8.353863996617933996e-01	4.459515603149638574e-01	6.700000000000000000e+01
9.960784316062927246e-01	8.305882453918457253e-01	4.407843172550201527e-01	6.800000000000000000e+01
9.960784316062927246e-01	8.257900911218979401e-01	4.356170741950764480e-01	6.900000000000000000e+01
9.960784316062927246e-01	8.209919368519502658e-01	4.304498311351327433e-01	7.000000000000000000e+01
9.960784316062927246e-01	8.161937825820024806e-01	4.252825880751890386e-01	7.100000000000000000e+01
9.960784316062927246e-01	8.113956283120548063e-01	4.201153450152453339e-01	7.200000000000000000e+01
9.960784316062927246e-01	8.065974740421071321e-01	4.149481019553016292e-01	7.300000000000000000e+01
9.960784316062927246e-01	8.017993197721594578e-01	4.097808588953579800e-01	7.400000000000000000e+01
9.960784316062927246e-01	7.970011655022116726e-01	4.046136158354142198e-01	7.500000000000000000e+01
9.960784316062927246e-01	7.922030112322638873e-01	3.994463727754705151e-01	7.600000000000000000e+01
9.960784316062927246e-01	7.874048569623162130e-01	3.942791297155268104e-01	7.700000000000000000e+01
9.960784316062927246e-01	7.826067026923684278e-01	3.891118866555831057e-01	7.800000000000000000e+01
9.960784316062927246e-01	7.778085484224207535e-01	3.839446435956394010e-01	7.900000000000000000e+01
9.960784316062927246e-01	7.730103941524729683e-01	3.787774005356956963e-01	8.000000000000000000e+01
9.960784316062927246e-01	7.682122398825252940e-01	3.736101574757519916e-01	8.100000000000000000e+01
9.960784316062927246e-01	7.634140856125776198e-01	3.684429144158083425e-01	8.200000000000000000e+01
9.960784316062927246e-01	7.586159313426298345e-01	3.632756713558645822e-01	8.300000000000000000e+01
9.960784316062927246e-01	7.538177770726821603e-01	3.581084282959208775e-01	8.400000000000000000e+01
9.960784316062927246e-01	7.490196228027343750e-01	3.529411852359771729e-01	8.500000000000000000e+01
9.960784316062927246e-01	7.442214685327867008e-01	3.477739421760334682e-01	8.600000000000000000e+01
9.960784316062927246e-01	7.394233142628389155e-01	3.426066991160897635e-01	8.700000000000000000e+01
9.960784316062927246e-01	7.346251599928912412e-01	3.374394560561460588e-01	8.800000000000000000e+01
9.960784316062927246e-01	7.298270057229434560e-01	3.322722129962023541e-01	8.900000000000000000e+01
9.960784316062927246e-01	7.250288514529957817e-01	3.271049699362587049e-01	9.000000000000000000e+01
9.960784316062927246e-01	7.202306971830479965e-01	3.219377268763149447e-01	9.100000000000000000e+01
9.960784316062927246e-01	7.154325429131003222e-01	3.167704838163712400e-01	9.200000000000000000e+01
9.960784316062927246e-01	7.106343886431525370e-01	3.116032407564275353e-01	9.300000000000000000e+01
9.960784316062927246e-01	7.058362343732048627e-01	3.064359976964838306e-01	9.400000000000000000e+01
9.960784316062927246e-01	7.010380801032571885e-01	3.012687546365401259e-01	9.500000000000000000e+01
9.960322955075432416e-01	6.963321980308083692e-01	2.973010499687755992e-01	9.600000000000000000e+01
9.959092659108779166e-01	6.917801029541913449e-01	2.953325759546429619e-01	9.700000000000000000e+01
9.957862363142125917e-01	6.872280078775743206e-01	2.933641019405103245e-01	9.800000000000000000e+01
9.956632067175472667e-01	6.826759128009571853e-01	2.913956279263776872e-01	9.900000000000000000e+01
9.955401771208819417e-01	6.781238177243400500e-01	2.894271539122450498e-01	1.000000000000000000e+02
9.954171475242166167e-01	6.735717226477230257e-01	2.874586798981124125e-01	1.010000000000000000e+02
9.952941179275512917e-01	6.690196275711060014e-01	2.854902058839797752e-01	1.020000000000000000e+02
9.951710883308859668e-01	6.644675324944888661e-01	2.835217318698471933e-01	1.030000000000000000e+02
9.950480587342206418e-01	6.599154374178718419e-01	2.815532578557145560e-01	1.040000000000000000e+02
9.949250291375553168e-01	6.553633423412547065e-01	2.795847838415819187e-01	1.050000000000000000e+02
9.948019995408899918e-01	6.508112472646376823e-01	2.776163098274492813e-01	1.060000000000000000e+02
9.946789699442246668e-01	6.462591521880205470e-01	2.756478358133166440e-01	1.070000000000000000e+02
9.945559403475593419e-01	6.417070571114035227e-01	2.736793617991840066e-01	1.080000000000000000e+02
9.944329107508940169e-01	6.371549620347864984e-01	2.717108877850513693e-01	1.090000000000000000e+02
9.943098811542286919e-01	6.326028669581693631e-01	2.697424137709187320e-01	1.100000000000000000e+02
9.941868515575633669e-01	6.280507718815523388e-01	2.677739397567860946e-01	1.110000000000000000e+02
9.940638219608980419e-01	6.234986768049352035e-01	2.658054657426535128e-01	1.120000000000000000e+02
9.939407923642327169e-01	6.189465817283181792e-01	2.638369917285208754e-01	1.130000000000000000e+02
9.938177627675673920e-01	6.143944866517011549e-01	2.618685177143882381e-01	1.140000000000000000e+02
9.936947331709020670e-01	6.098423915750840196e-01	2.599000437002556008e-01	1.150000000000000000e+02
9.935717035742367420e-01	6.052902964984669953e-01	2.579315696861229634e-01	1.160000000000000000e+02
9.934486739775714170e-01	6.007382014218498600e-01	2.559630956719903261e-01	1.170000000000000000e+02
9.933256443809060920e-01	5.961861063452328358e-01	2.539946216578576887e-01	1.180000000000000000e+02
9.932026147842407671e-01	5.916340112686157005e-01	2.520261476437251069e-01	1.190000000000000000e+02
9.930795851875754421e-01	5.870819161919986762e-01	2.500576736295924696e-01	1.200000000000000000e+02
9.929565555909101171e-01	5.825298211153815409e-01	2.480891996154598322e-01	1.210000000000000000e+02
9.928335259942447921e-01	5.779777260387646276e-01	2.461207256013272227e-01	1.220000000000000000e+02
9.927104963975794671e-01	5.734256309621474923e-01	2.441522515871945576e-01	1.230000000000000000e+02
9.925874668009141422e-01	5.688735358855303570e-01	2.421837775730619202e-01	1.240000000000000000e+02
9.924644372042488172e-01	5.643214408089133327e-01	2.402153035589292829e-01	1.250000000000000000e+02
9.923414076075834922e-01	5.597693457322961974e-01	2.382468295447966733e-01	1.260000000000000000e+02
9.922183780109181672e-01	5.552172506556791731e-01	2.362783555306640360e-01	1.270000000000000000e+02
9.920953484142527312e-01	5.490657703549254309e-01	2.341868521536097925e-01	1.280000000000000000e+02
9.919723188175874062e-01	5.413149048300350819e-01	2.319723194136339151e-01	1.290000000000000000e+02
9.918492892209220813e-01	5.335640393051446217e-01	2.297577866736580376e-01	1.300000000000000000e+02
9.917262596242567563e-01	5.258131737802542727e-01	2.275432539336821602e-01	1.310000000000000000e+02
9.916032300275914313e-01	5.180623082553641456e-01	2.253287211937063383e-01	1.320000000000000000e+02
9.914802004309261063e-01	5.103114427304735745e-01	2.231141884537304054e-01	1.330000000000000000e+02
9.913571708342607813e-01	5.025605772055831144e-01	2.208996557137545280e-01	1.340000000000000000e+02
9.912341412375954564e-01	4.948097116806927653e-01	2.186851229737786784e-01	1.350000000000000000e+02
9.911111116409301314e-01	4.870588461558024163e-01	2.164705902338028010e-01	1.360000000000000000e+02
9.909880820442648064e-01	4.793079806309120672e-01	2.142560574938269236e-01	1.370000000000000000e+02
9.908650524475994814e-01	4.715571151060216626e-01	2.120415247538510461e-01	1.380000000000000000e+02
9.907420228509341564e-01	4.638062495811312580e-01	2.098269920138751687e-01	1.390000000000000000e+02
9.906189932542688314e-01	4.560553840562409089e-01	2.076124592738992913e-01	1.400000000000000000e+02
9.904959636576035065e-01	4.483045185313505598e-01	2.053979265339234417e-01	1.410000000000000000e+02
9.903729340609381815e-01	4.405536530064601553e-01	2.031833937939475643e-01	1.420000000000000000e+02
9.902499044642728565e-01	4.328027874815697507e-01	2.009688610539716869e-01	1.430000000000000000e+02
9.901268748676075315e-01	4.250519219566794016e-01	1.987543283139958095e-01	1.440000000000000000e+02
9.900038452709422065e-01	4.173010564317890525e-01	1.965397955740199321e-01	1.450000000000000000e+02
9.898808156742768816e-01	4.095501909068986479e-01	1.943252628340440546e-01	1.460000000000000000e+02
9.897577860776115566e-01	4.017993253820082433e-01	1.921107300940681772e-01	1.470000000000000000e+02
9.896347564809462316e-01	3.940484598571181163e-01	1.898961973540923831e-01	1.480000000000000000e+02
9.895117268842809066e-01	3.862975943322275452e-01	1.876816646141164502e-01	1.490000000000000000e+02
9.893886972876155816e-01	3.785467288073371406e-01	1.854671318741405728e-01	1.500000000000000000e+02
9.892656676909502567e-01	3.707958632824467360e-01	1.832525991341646954e-01	1.510000000000000000e+02
9.891426380942849317e-01	3.630449977575563869e-01	1.810380663941888180e-01	1.520000000000000000e+02
9.890196084976196067e-01	3.552941322326660378e-01	1.788235336542129406e-01	1.530000000000000000e+02
9.888965789009542817e-01	3.475432667077756332e-01	1.766090009142370909e-01	1.540000000000000000e+02
9.887735493042889567e-01	3.397924011828852286e-01	1.743944681742611857e-01	1.550000000000000000e+02
9.886505197076236318e-01	3.320415356579948796e-01	1.721799354342853361e-01	1.560000000000000000e+02
9.885274901109583068e-01	3.242906701331045305e-01	1.699654026943094587e-01	1.570000000000000000e+02
9.884044605142929818e-01	3.165398046082141259e-01	1.677508699543335813e-01	1.580000000000000000e+02
9.882814309176276568e-01	3.087889390833237213e-01	1.655363372143577039e-01	1.590000000000000000e+02
9.863129573709824571e-01	3.018839021815973300e-01	1.636293783199553320e-01	1.600000000000000000e+02
9.832372174543493326e-01	2.954863624537692468e-01	1.619069637328970634e-01	1.610000000000000000e+02
9.801614775377160971e-01	2.890888227259411636e-01	1.601845491458387949e-01	1.620000000000000000e+02
9.770857376210829726e-01	2.826912829981130804e-01	1.584621345587805263e-01	1.630000000000000000e+02
9.740099977044499591e-01	2.762937432702851637e-01	1.567397199717222855e-01	1.640000000000000000e+02
9.709342577878166125e-01	2.698962035424569139e-01	1.550173053846639615e-01	1.650000000000000000e+02
9.678585178711834880e-01	2.634986638146288307e-01	1.532948907976056929e-01	1.660000000000000000e+02
9.647827779545503635e-01	2.571011240868007475e-01	1.515724762105474244e-01	1.670000000000000000e+02
9.617070380379172390e-01	2.507035843589726642e-01	1.498500616234891558e-01	1.680000000000000000e+02
9.586312981212840034e-01	2.443060446311445810e-01	1.481276470364308873e-01	1.690000000000000000e+02
9.555555582046508789e-01	2.379085049033164978e-01	1.464052324493726187e-01	1.700000000000000000e+02
9.524798182880177544e-01	2.315109651754884146e-01	1.446828178623143502e-01	1.710000000000000000e+02
9.494040783713845189e-01	2.251134254476603314e-01	1.429604032752560538e-01	1.720000000000000000e+02
9.463283384547513943e-01	2.187158857198322481e-01	1.412379886881977853e-01	1.730000000000000000e+02
9.432525985381182698e-01	2.123183459920041649e-01	1.395155741011395167e-01	1.740000000000000000e+02
9.401768586214851453e-01	2.059208062641760817e-01	1.377931595140812482e-01	1.750000000000000000e+02
9.371011187048519098e-01	1.995232665363479985e-01	1.360707449270229796e-01	1.760000000000000000e+02
9.340253787882187853e-01	1.931257268085199152e-01	1.343483303399646833e-01	1.770000000000000000e+02
9.309496388715856607e-01	1.867281870806918320e-01	1.326259157529064148e-01	1.780000000000000000e+02
9.278738989549524252e-01	1.803306473528637488e-01	1.309035011658481462e-01	1.790000000000000000e+02
9.247981590383194117e-01	1.739331076250358599e-01	1.291810865787899332e-01	1.800000000000000000e+02
9.217224191216861762e-01	1.675355678972075824e-01	1.274586719917316091e-01	1.810000000000000000e+02
9.186466792050529406e-01	1.611380281693794991e-01	1.257362574046733406e-01	1.820000000000000000e+02
9.155709392884198161e-01	1.547404884415514159e-01	1.240138428176150581e-01	1.830000000000000000e+02
9.124951993717866916e-01	1.483429487137233327e-01	1.222914282305567757e-01	1.840000000000000000e+02
9.094194594551534561e-01	1.419454089858952495e-01	1.205690136434985071e-01	1.850000000000000000e+02
9.063437195385203315e-01	1.355478692580671940e-01	1.188465990564402386e-01	1.860000000000000000e+02
9.032679796218872070e-01	1.291503295302391108e-01	1.171241844693819700e-01	1.870000000000000000e+02
9.001922397052540825e-01	1.227527898024110276e-01	1.154017698823237015e-01	1.880000000000000000e+02
8.971164997886208470e-01	1.163552500745829443e-01	1.136793552952654190e-01	1.890000000000000000e+02
8.940407598719877225e-01	1.099577103467548611e-01	1.119569407082071505e-01	1.900000000000000000e+02
8.909650199553545979e-01	1.035601706189267779e-01	1.102345261211488681e-01	1.910000000000000000e+02
8.866897414712344716e-01	9.956170837668811002e-02	1.107266446246820274e-01	1.920000000000000000e+02
8.820146167979521223e-01	9.636293862964592782e-02	1.119569408250789960e-01	1.930000000000000000e+02
8.773394921246696621e-01	9.316416888260373175e-02	1.131872370254759647e-01	1.940000000000000000e+02
8.726643674513873128e-01	8.996539913556154955e-02	1.144175332258729333e-01	1.950000000000000000e+02
8.679892427781050745e-01	8.676662938851945062e-02	1.156478294262698742e-01	1.960000000000000000e+02
8.633141181048225032e-01	8.356785964147717127e-02	1.168781256266668706e-01	1.970000000000000000e+02
8.586389934315401540e-01	8.036908989443498907e-02	1.181084218270638392e-01	1.980000000000000000e+02
8.539638687582576937e-01	7.717032014739279300e-02	1.193387180274608078e-01	1.990000000000000000e+02
8.492887440849753444e-01	7.397155040035061080e-02	1.205690142278577764e-01	2.000000000000000000e+02
8.446136194116928841e-01	7.077278065330841472e-02	1.217993104282547451e-01	2.010000000000000000e+02
8.399384947384105349e-01	6.757401090626621865e-02	1.230296066286517137e-01	2.020000000000000000e+02
8.352633700651280746e-01	6.437524115922405032e-02	1.242599028290486823e-01	2.030000000000000000e+02
8.305882453918457253e-01	6.117647141218185425e-02	1.254901990294456371e-01	2.040000000000000000e+02
8.259131207185632650e-01	5.797770166513966511e-02	1.267204952298426057e-01	2.050000000000000000e+02
8.212379960452809158e-01	5.477893191809747597e-02	1.279507914302395744e-01	2.060000000000000000e+02
8.165628713719984555e-01	5.158016217105528683e-02	1.291810876306365430e-01	2.070000000000000000e+02
8.118877466987161062e-01	4.838139242401309770e-02	1.304113838310335116e-01	2.080000000000000000e+02
8.072126220254336459e-01	4.518262267697090856e-02	1.316416800314304802e-01	2.090000000000000000e+02
8.025374973521512967e-01	4.198385292992871942e-02	1.328719762318274489e-01	2.100000000000000000e+02
7.978623726788689474e-01	3.878508318288653722e-02	1.341022724322244175e-01	2.110000000000000000e+02
7.931872480055865982e-01	3.558631343584443829e-02	1.353325686326213584e-01	2.120000000000000000e+02
7.885121233323041379e-01	3.238754368880215895e-02	1.365628648330183548e-01	2.130000000000000000e+02
7.838369986590216776e-01	2.918877394175996287e-02	1.377931610334153234e-01	2.140000000000000000e+02
7.791618739857393283e-01	2.599000419471778067e-02	1.390234572338122920e-01	2.150000000000000000e+02
7.744867493124568680e-01	2.279123444767558460e-02	1.402537534342092607e-01	2.160000000000000000e+02
7.698116246391745188e-01	1.959246470063340240e-02	1.414840496346062293e-01	2.170000000000000000e+02
7.651364999658920585e-01	1.639369495359122020e-02	1.427143458350031979e-01	2.180000000000000000e+02
7.604613752926097092e-01	1.319492520654902412e-02	1.439446420354001666e-01	2.190000000000000000e+02
7.557862506193273600e-01	9.996155459506841923e-03	1.451749382357971352e-01	2.200000000000000000e+02
7.511111259460448997e-01	6.797385712464645846e-03	1.464052344361941038e-01	2.210000000000000000e+02
7.464360012727625504e-01	3.598615965422463647e-03	1.476355306365910725e-01	2.220000000000000000e+02
7.417608765994800901e-01	3.998462183802675707e-04	1.488658268369880411e-01	2.230000000000000000e+02
7.346097812933080062e-01	0.000000000000000000e+00	1.490196138620376587e-01	2.240000000000000000e+02
7.271049758967231824e-01	0.000000000000000000e+00	1.490196138620376587e-01	2.250000000000000000e+02
7.196001705001382476e-01	0.000000000000000000e+00	1.490196138620376587e-01	2.260000000000000000e+02
7.120953651035533127e-01	0.000000000000000000e+00	1.490196138620376587e-01	2.270000000000000000e+02
7.045905597069685999e-01	0.000000000000000000e+00	1.490196138620376587e-01	2.280000000000000000e+02
6.970857543103835541e-01	0.000000000000000000e+00	1.490196138620376587e-01	2.290000000000000000e+02
6.895809489137986192e-01	0.000000000000000000e+00	1.490196138620376587e-01	2.300000000000000000e+02
6.820761435172136844e-01	0.000000000000000000e+00	1.490196138620376587e-01	2.310000000000000000e+02
6.745713381206288606e-01	0.000000000000000000e+00	1.490196138620376587e-01	2.320000000000000000e+02
6.670665327240439257e-01	0.000000000000000000e+00	1.490196138620376587e-01	2.330000000000000000e+02
6.595617273274589909e-01	0.000000000000000000e+00	1.490196138620376587e-01	2.340000000000000000e+02
6.520569219308740561e-01	0.000000000000000000e+00	1.490196138620376587e-01	2.350000000000000000e+02
6.445521165342892322e-01	0.000000000000000000e+00	1.490196138620376587e-01	2.360000000000000000e+02
6.370473111377042974e-01	0.000000000000000000e+00	1.490196138620376587e-01	2.370000000000000000e+02
6.295425057411193626e-01	0.000000000000000000e+00	1.490196138620376587e-01	2.380000000000000000e+02
6.220377003445345387e-01	0.000000000000000000e+00	1.490196138620376587e-01	2.390000000000000000e+02
6.145328949479496039e-01	0.000000000000000000e+00	1.490196138620376587e-01	2.400000000000000000e+02
6.070280895513646691e-01	0.000000000000000000e+00	1.490196138620376587e-01	2.410000000000000000e+02
5.995232841547797342e-01	0.000000000000000000e+00	1.490196138620376587e-01	2.420000000000000000e+02
5.920184787581947994e-01	0.000000000000000000e+00	1.490196138620376587e-01	2.430000000000000000e+02
5.845136733616101976e-01	0.000000000000000000e+00	1.490196138620376587e-01	2.440000000000000000e+02
5.770088679650250407e-01	0.000000000000000000e+00	1.490196138620376587e-01	2.450000000000000000e+02
5.695040625684402169e-01	0.000000000000000000e+00	1.490196138620376587e-01	2.460000000000000000e+02
5.619992571718552821e-01	0.000000000000000000e+00	1.490196138620376587e-01	2.470000000000000000e+02
5.544944517752703472e-01	0.000000000000000000e+00	1.490196138620376587e-01	2.480000000000000000e+02
5.469896463786854124e-01	0.000000000000000000e+00	1.490196138620376587e-01	2.490000000000000000e+02
5.394848409821004775e-01	0.000000000000000000e+00	1.490196138620376587e-01	2.500000000000000000e+02
5.319800355855156537e-01	0.000000000000000000e+00	1.490196138620376587e-01	2.510000000000000000e+02
5.244752301889307189e-01	0.000000000000000000e+00	1.490196138620376587e-01	2.520000000000000000e+02
5.169704247923458951e-01	0.000000000000000000e+00	1.490196138620376587e-01	2.530000000000000000e+02
5.094656193957609602e-01	0.000000000000000000e+00	1.490196138620376587e-01	2.540000000000000000e+02
5.019608139991760254e-01	0.000000000000000000e+00	1.490196138620376587e-01	2.550000000000000000e+02
