0.000000000000000000e+00	0.000000000000000000e+00	0.000000000000000000e+00	0.000000000000000000e+00
5.882352941176470507e-03	0.000000000000000000e+00	0.000000000000000000e+00	1.000000000000000000e+00
1.176470588235294101e-02	0.000000000000000000e+00	0.000000000000000000e+00	2.000000000000000000e+00
1.764705882352941152e-02	0.000000000000000000e+00	0.000000000000000000e+00	3.000000000000000000e+00
2.352941176470588203e-02	0.000000000000000000e+00	0.000000000000000000e+00	4.000000000000000000e+00
2.941176470588235253e-02	0.000000000000000000e+00	0.000000000000000000e+00	5.000000000000000000e+00
3.529411764705882304e-02	0.000000000000000000e+00	0.000000000000000000e+00	6.000000000000000000e+00
4.117647058823529355e-02	0.000000000000000000e+00	0.000000000000000000e+00	7.000000000000000000e+00
4.705882352941176405e-02	0.000000000000000000e+00	0.000000000000000000e+00	8.000000000000000000e+00
5.294117647058823456e-02	0.000000000000000000e+00	0.000000000000000000e+00	9.000000000000000000e+00
5.882352941176470507e-02	0.000000000000000000e+00	0.000000000000000000e+00	1.000000000000000000e+01
6.470588235294116863e-02	0.000000000000000000e+00	0.000000000000000000e+00	1.100000000000000000e+01
7.058823529411764608e-02	0.000000000000000000e+00	0.000000000000000000e+00	1.200000000000000000e+01
7.647058823529412352e-02	0.000000000000000000e+00	0.000000000000000000e+00	1.300000000000000000e+01
8.235294117647058709e-02	0.000000000000000000e+00	0.000000000000000000e+00	1.400000000000000000e+01
8.823529411764705066e-02	0.000000000000000000e+00	0.000000000000000000e+00	1.500000000000000000e+01
9.411764705882352811e-02	0.000000000000000000e+00	0.000000000000000000e+00	1.600000000000000000e+01
1.000000000000000056e-01	0.000000000000000000e+00	0.000000000000000000e+00	1.700000000000000000e+01
1.058823529411764691e-01	0.000000000000000000e+00	0.000000000000000000e+00	1.800000000000000000e+01
1.117647058823529327e-01	0.000000000000000000e+00	0.000000000000000000e+00	1.900000000000000000e+01
1.176470588235294101e-01	0.000000000000000000e+00	0.000000000000000000e+00	2.000000000000000000e+01
1.235294117647058876e-01	0.000000000000000000e+00	0.000000000000000000e+00	2.100000000000000000e+01
1.294117647058823373e-01	0.000000000000000000e+00	0.000000000000000000e+00	2.200000000000000000e+01
1.352941176470588147e-01	0.000000000000000000e+00	0.000000000000000000e+00	2.300000000000000000e+01
1.411764705882352922e-01	0.000000000000000000e+00	0.000000000000000000e+00	2.400000000000000000e+01
1.470588235294117696e-01	0.000000000000000000e+00	0.000000000000000000e+00	2.500000000000000000e+01
1.529411764705882470e-01	0.000000000000000000e+00	0.000000000000000000e+00	2.600000000000000000e+01
1.588235294117646967e-01	0.000000000000000000e+00	0.000000000000000000e+00	2.700000000000000000e+01
1.647058823529411742e-01	0.000000000000000000e+00	0.000000000000000000e+00	2.800000000000000000e+01
1.705882352941176516e-01	0.000000000000000000e+00	0.000000000000000000e+00	2.900000000000000000e+01
1.764705882352941013e-01	0.000000000000000000e+00	0.000000000000000000e+00	3.000000000000000000e+01
1.823529411764705788e-01	0.000000000000000000e+00	0.000000000000000000e+00	3.100000000000000000e+01
1.882352941176470562e-01	0.000000000000000000e+00	0.000000000000000000e+00	3.200000000000000000e+01
1.941176470588235059e-01	0.000000000000000000e+00	0.000000000000000000e+00	3.300000000000000000e+01
2.000000000000000111e-01	0.000000000000000000e+00	0.000000000000000000e+00	3.400000000000000000e+01
2.058823529411764885e-01	0.000000000000000000e+00	0.000000000000000000e+00	3.500000000000000000e+01
2.117647058823529382e-01	0.000000000000000000e+00	0.000000000000000000e+00	3.600000000000000000e+01
2.176470588235293879e-01	0.000000000000000000e+00	0.000000000000000000e+00	3.700000000000000000e+01
2.235294117647058654e-01	0.000000000000000000e+00	0.000000000000000000e+00	3.800000000000000000e+01
2.294117647058823706e-01	0.000000000000000000e+00	0.000000000000000000e+00	3.900000000000000000e+01
2.352941176470588203e-01	0.000000000000000000e+00	0.000000000000000000e+00	4.000000000000000000e+01
2.411764705882352700e-01	0.000000000000000000e+00	0.000000000000000000e+00	4.100000000000000000e+01
2.470588235294117752e-01	0.000000000000000000e+00	0.000000000000000000e+00	4.200000000000000000e+01
2.529411764705882248e-01	0.000000000000000000e+00	0.000000000000000000e+00	4.300000000000000000e+01
2.588235294117646745e-01	0.000000000000000000e+00	0.000000000000000000e+00	4.400000000000000000e+01
2.647058823529411242e-01	0.000000000000000000e+00	0.000000000000000000e+00	4.500000000000000000e+01
2.705882352941176294e-01	0.000000000000000000e+00	0.000000000000000000e+00	4.600000000000000000e+01
2.764705882352941346e-01	0.000000000000000000e+00	0.000000000000000000e+00	4.700000000000000000e+01
2.823529411764705843e-01	0.000000000000000000e+00	0.000000000000000000e+00	4.800000000000000000e+01
2.882352941176470340e-01	0.000000000000000000e+00	0.000000000000000000e+00	4.900000000000000000e+01
2.941176470588235392e-01	0.000000000000000000e+00	0.000000000000000000e+00	5.000000000000000000e+01
3.000000000000000444e-01	0.000000000000000000e+00	0.000000000000000000e+00	5.100000000000000000e+01
3.058823529411764941e-01	0.000000000000000000e+00	0.000000000000000000e+00	5.200000000000000000e+01
3.117647058823529438e-01	0.000000000000000000e+00	0.000000000000000000e+00	5.300000000000000000e+01
3.176470588235293935e-01	0.000000000000000000e+00	0.000000000000000000e+00	5.400000000000000000e+01
3.235294117647058987e-01	0.000000000000000000e+00	0.000000000000000000e+00	5.500000000000000000e+01
3.294117647058823484e-01	0.000000000000000000e+00	0.000000000000000000e+00	5.600000000000000000e+01
3.352941176470587981e-01	0.000000000000000000e+00	0.000000000000000000e+00	5.700000000000000000e+01
3.411764705882353033e-01	0.000000000000000000e+00	0.000000000000000000e+00	5.800000000000000000e+01
3.470588235294117530e-01	0.000000000000000000e+00	0.000000000000000000e+00	5.900000000000000000e+01
3.529411764705882026e-01	0.000000000000000000e+00	0.000000000000000000e+00	6.000000000000000000e+01
3.588235294117646523e-01	0.000000000000000000e+00	0.000000000000000000e+00	6.100000000000000000e+01
3.647058823529411575e-01	0.000000000000000000e+00	0.000000000000000000e+00	6.200000000000000000e+01
3.705882352941176627e-01	0.000000000000000000e+00	0.000000000000000000e+00	6.300000000000000000e+01
3.764705882352941124e-01	0.000000000000000000e+00	0.000000000000000000e+00	6.400000000000000000e+01
3.823529411764705621e-01	0.000000000000000000e+00	0.000000000000000000e+00	6.500000000000000000e+01
3.882352941176470118e-01	0.000000000000000000e+00	0.000000000000000000e+00	6.600000000000000000e+01
3.941176470588235725e-01	0.000000000000000000e+00	0.000000000000000000e+00	6.700000000000000000e+01
4.000000000000000222e-01	0.000000000000000000e+00	0.000000000000000000e+00	6.800000000000000000e+01
4.058823529411764719e-01	0.000000000000000000e+00	0.000000000000000000e+00	6.900000000000000000e+01
4.117647058823529771e-01	0.000000000000000000e+00	0.000000000000000000e+00	7.000000000000000000e+01
4.176470588235294268e-01	0.000000000000000000e+00	0.000000000000000000e+00	7.100000000000000000e+01
4.235294117647058765e-01	0.000000000000000000e+00	0.000000000000000000e+00	7.200000000000000000e+01
4.294117647058823262e-01	0.000000000000000000e+00	0.000000000000000000e+00	7.300000000000000000e+01
4.352941176470587759e-01	0.000000000000000000e+00	0.000000000000000000e+00	7.400000000000000000e+01
4.411764705882352811e-01	0.000000000000000000e+00	0.000000000000000000e+00	7.500000000000000000e+01
4.470588235294117307e-01	0.000000000000000000e+00	0.000000000000000000e+00	7.600000000000000000e+01
4.529411764705881804e-01	0.000000000000000000e+00	0.000000000000000000e+00	7.700000000000000000e+01
4.588235294117647411e-01	0.000000000000000000e+00	0.000000000000000000e+00	7.800000000000000000e+01
4.647058823529411908e-01	0.000000000000000000e+00	0.000000000000000000e+00	7.900000000000000000e+01
4.705882352941176405e-01	0.000000000000000000e+00	0.000000000000000000e+00	8.000000000000000000e+01
4.764705882352940902e-01	0.000000000000000000e+00	0.000000000000000000e+00	8.100000000000000000e+01
4.823529411764705399e-01	0.000000000000000000e+00	0.000000000000000000e+00	8.200000000000000000e+01
4.882352941176471006e-01	0.000000000000000000e+00	0.000000000000000000e+00	8.300000000000000000e+01
4.941176470588235503e-01	0.000000000000000000e+00	0.000000000000000000e+00	8.400000000000000000e+01
5.000000000000000000e-01	0.000000000000000000e+00	0.000000000000000000e+00	8.500000000000000000e+01
5.058823529411764497e-01	0.000000000000000000e+00	0.000000000000000000e+00	8.600000000000000000e+01
5.117647058823528994e-01	0.000000000000000000e+00	0.000000000000000000e+00	8.700000000000000000e+01
5.176470588235293491e-01	0.000000000000000000e+00	0.000000000000000000e+00	8.800000000000000000e+01
5.235294117647057988e-01	0.000000000000000000e+00	0.000000000000000000e+00	8.900000000000000000e+01
5.294117647058822484e-01	0.000000000000000000e+00	0.000000000000000000e+00	9.000000000000000000e+01
5.352941176470588092e-01	0.000000000000000000e+00	0.000000000000000000e+00	9.100000000000000000e+01
5.411764705882352589e-01	0.000000000000000000e+00	0.000000000000000000e+00	9.200000000000000000e+01
5.470588235294117085e-01	0.000000000000000000e+00	0.000000000000000000e+00	9.300000000000000000e+01
5.529411764705882693e-01	0.000000000000000000e+00	0.000000000000000000e+00	9.400000000000000000e+01
5.588235294117647189e-01	0.000000000000000000e+00	0.000000000000000000e+00	9.500000000000000000e+01
5.647058823529411686e-01	0.000000000000000000e+00	0.000000000000000000e+00	9.600000000000000000e+01
5.705882352941176183e-01	0.000000000000000000e+00	0.000000000000000000e+00	9.700000000000000000e+01
5.764705882352940680e-01	0.000000000000000000e+00	0.000000000000000000e+00	9.800000000000000000e+01
5.823529411764706287e-01	0.000000000000000000e+00	0.000000000000000000e+00	9.900000000000000000e+01
5.882352941176470784e-01	0.000000000000000000e+00	0.000000000000000000e+00	1.000000000000000000e+02
5.941176470588235281e-01	0.000000000000000000e+00	0.000000000000000000e+00	1.010000000000000000e+02
6.000000000000000888e-01	0.000000000000000000e+00	0.000000000000000000e+00	1.020000000000000000e+02
6.058823529411765385e-01	0.000000000000000000e+00	0.000000000000000000e+00	1.030000000000000000e+02
6.117647058823529882e-01	0.000000000000000000e+00	0.000000000000000000e+00	1.040000000000000000e+02
6.176470588235294379e-01	0.000000000000000000e+00	0.000000000000000000e+00	1.050000000000000000e+02
6.235294117647058876e-01	0.000000000000000000e+00	0.000000000000000000e+00	1.060000000000000000e+02
6.294117647058823373e-01	0.000000000000000000e+00	0.000000000000000000e+00	1.070000000000000000e+02
6.352941176470587870e-01	0.000000000000000000e+00	0.000000000000000000e+00	1.080000000000000000e+02
6.411764705882352366e-01	0.000000000000000000e+00	0.000000000000000000e+00	1.090000000000000000e+02
6.470588235294117974e-01	0.000000000000000000e+00	0.000000000000000000e+00	1.100000000000000000e+02
6.529411764705882470e-01	0.000000000000000000e+00	0.000000000000000000e+00	1.110000000000000000e+02
6.588235294117646967e-01	0.000000000000000000e+00	0.000000000000000000e+00	1.120000000000000000e+02
6.647058823529411464e-01	0.000000000000000000e+00	0.000000000000000000e+00	1.130000000000000000e+02
6.705882352941175961e-01	0.000000000000000000e+00	0.000000000000000000e+00	1.140000000000000000e+02
6.764705882352941568e-01	0.000000000000000000e+00	0.000000000000000000e+00	1.150000000000000000e+02
6.823529411764706065e-01	0.000000000000000000e+00	0.000000000000000000e+00	1.160000000000000000e+02
6.882352941176470562e-01	0.000000000000000000e+00	0.000000000000000000e+00	1.170000000000000000e+02
6.941176470588235059e-01	0.000000000000000000e+00	0.000000000000000000e+00	1.180000000000000000e+02
6.999999999999999556e-01	0.000000000000000000e+00	0.000000000000000000e+00	1.190000000000000000e+02
7.058823529411764053e-01	0.000000000000000000e+00	0.000000000000000000e+00	1.200000000000000000e+02
7.117647058823528550e-01	0.000000000000000000e+00	0.000000000000000000e+00	1.210000000000000000e+02
7.176470588235293047e-01	0.000000000000000000e+00	0.000000000000000000e+00	1.220000000000000000e+02
7.235294117647058654e-01	0.000000000000000000e+00	0.000000000000000000e+00	1.230000000000000000e+02
7.294117647058823151e-01	0.000000000000000000e+00	0.000000000000000000e+00	1.240000000000000000e+02
7.352941176470587648e-01	0.000000000000000000e+00	0.000000000000000000e+00	1.250000000000000000e+02
7.411764705882353255e-01	0.000000000000000000e+00	0.000000000000000000e+00	1.260000000000000000e+02
7.470588235294117752e-01	0.000000000000000000e+00	0.000000000000000000e+00	1.270000000000000000e+02
7.529411764705882248e-01	3.921568627450966460e-03	0.000000000000000000e+00	1.280000000000000000e+02
7.588235294117646745e-01	1.176470588235289938e-02	0.000000000000000000e+00	1.290000000000000000e+02
7.647058823529411242e-01	1.960784313725483230e-02	0.000000000000000000e+00	1.300000000000000000e+02
7.705882352941175739e-01	2.745098039215676522e-02	0.000000000000000000e+00	1.310000000000000000e+02
7.764705882352940236e-01	3.529411764705869814e-02	0.000000000000000000e+00	1.320000000000000000e+02
7.823529411764706953e-01	4.313725490196085310e-02	0.000000000000000000e+00	1.330000000000000000e+02
7.882352941176471450e-01	5.098039215686278602e-02	0.000000000000000000e+00	1.340000000000000000e+02
7.941176470588235947e-01	5.882352941176471894e-02	0.000000000000000000e+00	1.350000000000000000e+02
8.000000000000000444e-01	6.666666666666665186e-02	0.000000000000000000e+00	1.360000000000000000e+02
8.058823529411764941e-01	7.450980392156858478e-02	0.000000000000000000e+00	1.370000000000000000e+02
8.117647058823529438e-01	8.235294117647051770e-02	0.000000000000000000e+00	1.380000000000000000e+02
8.176470588235293935e-01	9.019607843137245062e-02	0.000000000000000000e+00	1.390000000000000000e+02
8.235294117647059542e-01	9.803921568627460559e-02	0.000000000000000000e+00	1.400000000000000000e+02
8.294117647058824039e-01	1.058823529411765385e-01	0.000000000000000000e+00	1.410000000000000000e+02
8.352941176470588536e-01	1.137254901960784714e-01	0.000000000000000000e+00	1.420000000000000000e+02
8.411764705882353033e-01	1.215686274509804043e-01	0.000000000000000000e+00	1.430000000000000000e+02
8.470588235294117530e-01	1.294117647058823373e-01	0.000000000000000000e+00	1.440000000000000000e+02
8.529411764705882026e-01	1.372549019607842702e-01	0.000000000000000000e+00	1.450000000000000000e+02
8.588235294117646523e-01	1.450980392156862031e-01	0.000000000000000000e+00	1.460000000000000000e+02
8.647058823529411020e-01	1.529411764705881360e-01	0.000000000000000000e+00	1.470000000000000000e+02
8.705882352941175517e-01	1.607843137254900689e-01	0.000000000000000000e+00	1.480000000000000000e+02
8.764705882352941124e-01	1.686274509803922239e-01	0.000000000000000000e+00	1.490000000000000000e+02
8.823529411764705621e-01	1.764705882352941568e-01	0.000000000000000000e+00	1.500000000000000000e+02
8.882352941176470118e-01	1.843137254901960898e-01	0.000000000000000000e+00	1.510000000000000000e+02
8.941176470588234615e-01	1.921568627450980227e-01	0.000000000000000000e+00	1.520000000000000000e+02
8.999999999999999112e-01	1.999999999999999556e-01	0.000000000000000000e+00	1.530000000000000000e+02
9.058823529411763609e-01	2.078431372549018885e-01	0.000000000000000000e+00	1.540000000000000000e+02
9.117647058823528106e-01	2.156862745098038214e-01	0.000000000000000000e+00	1.550000000000000000e+02
9.176470588235294823e-01	2.235294117647059764e-01	0.000000000000000000e+00	1.560000000000000000e+02
9.235294117647059320e-01	2.313725490196079093e-01	0.000000000000000000e+00	1.570000000000000000e+02
9.294117647058823817e-01	2.392156862745098422e-01	0.000000000000000000e+00	1.580000000000000000e+02
9.352941176470588314e-01	2.470588235294117752e-01	0.000000000000000000e+00	1.590000000000000000e+02
9.411764705882352811e-01	2.549019607843137081e-01	0.000000000000000000e+00	1.600000000000000000e+02
9.470588235294117307e-01	2.627450980392156410e-01	0.000000000000000000e+00	1.610000000000000000e+02
9.529411764705881804e-01	2.705882352941175739e-01	0.000000000000000000e+00	1.620000000000000000e+02
9.588235294117646301e-01	2.784313725490195068e-01	0.000000000000000000e+00	1.630000000000000000e+02
9.647058823529410798e-01	2.862745098039214398e-01	0.000000000000000000e+00	1.640000000000000000e+02
9.705882352941177516e-01	2.941176470588235947e-01	0.000000000000000000e+00	1.650000000000000000e+02
9.764705882352942012e-01	3.019607843137255276e-01	0.000000000000000000e+00	1.660000000000000000e+02
9.823529411764706509e-01	3.098039215686274606e-01	0.000000000000000000e+00	1.670000000000000000e+02
9.882352941176471006e-01	3.176470588235293935e-01	0.000000000000000000e+00	1.680000000000000000e+02
9.941176470588235503e-01	3.254901960784313264e-01	0.000000000000000000e+00	1.690000000000000000e+02
1.000000000000000000e+00	3.333333333333332593e-01	0.000000000000000000e+00	1.700000000000000000e+02
1.000000000000000000e+00	3.411764705882351922e-01	0.000000000000000000e+00	1.710000000000000000e+02
1.000000000000000000e+00	3.490196078431373472e-01	0.000000000000000000e+00	1.720000000000000000e+02
1.000000000000000000e+00	3.568627450980392801e-01	0.000000000000000000e+00	1.730000000000000000e+02
1.000000000000000000e+00	3.647058823529412130e-01	0.000000000000000000e+00	1.740000000000000000e+02
1.000000000000000000e+00	3.725490196078431460e-01	0.000000000000000000e+00	1.750000000000000000e+02
1.000000000000000000e+00	3.803921568627450789e-01	0.000000000000000000e+00	1.760000000000000000e+02
1.000000000000000000e+00	3.882352941176470118e-01	0.000000000000000000e+00	1.770000000000000000e+02
1.000000000000000000e+00	3.960784313725489447e-01	0.000000000000000000e+00	1.780000000000000000e+02
1.000000000000000000e+00	4.039215686274508776e-01	0.000000000000000000e+00	1.790000000000000000e+02
1.000000000000000000e+00	4.117647058823528106e-01	0.000000000000000000e+00	1.800000000000000000e+02
1.000000000000000000e+00	4.196078431372549655e-01	0.000000000000000000e+00	1.810000000000000000e+02
1.000000000000000000e+00	4.274509803921568984e-01	0.000000000000000000e+00	1.820000000000000000e+02
1.000000000000000000e+00	4.352941176470588314e-01	0.000000000000000000e+00	1.830000000000000000e+02
1.000000000000000000e+00	4.431372549019607643e-01	0.000000000000000000e+00	1.840000000000000000e+02
1.000000000000000000e+00	4.509803921568626972e-01	0.000000000000000000e+00	1.850000000000000000e+02
1.000000000000000000e+00	4.588235294117646301e-01	0.000000000000000000e+00	1.860000000000000000e+02
1.000000000000000000e+00	4.666666666666665630e-01	0.000000000000000000e+00	1.870000000000000000e+02
1.000000000000000000e+00	4.745098039215687180e-01	0.000000000000000000e+00	1.880000000000000000e+02
1.000000000000000000e+00	4.823529411764706509e-01	0.000000000000000000e+00	1.890000000000000000e+02
1.000000000000000000e+00	4.901960784313725839e-01	0.000000000000000000e+00	1.900000000000000000e+02
1.000000000000000000e+00	4.980392156862745168e-01	0.000000000000000000e+00	1.910000000000000000e+02
1.000000000000000000e+00	5.058823529411764497e-01	1.176470588235289938e-02	1.920000000000000000e+02
1.000000000000000000e+00	5.137254901960783826e-01	2.745098039215676522e-02	1.930000000000000000e+02
1.000000000000000000e+00	5.215686274509803155e-01	4.313725490196063106e-02	1.940000000000000000e+02
1.000000000000000000e+00	5.294117647058822484e-01	5.882352941176449690e-02	1.950000000000000000e+02
1.000000000000000000e+00	5.372549019607841814e-01	7.450980392156836274e-02	1.960000000000000000e+02
1.000000000000000000e+00	5.450980392156863363e-01	9.019607843137267267e-02	1.970000000000000000e+02
1.000000000000000000e+00	5.529411764705882693e-01	1.058823529411765385e-01	1.980000000000000000e+02
1.000000000000000000e+00	5.607843137254902022e-01	1.215686274509804043e-01	1.990000000000000000e+02
1.000000000000000000e+00	5.686274509803921351e-01	1.372549019607842702e-01	2.000000000000000000e+02
1.000000000000000000e+00	5.764705882352940680e-01	1.529411764705881360e-01	2.010000000000000000e+02
1.000000000000000000e+00	5.843137254901960009e-01	1.686274509803920019e-01	2.020000000000000000e+02
1.000000000000000000e+00	5.921568627450979339e-01	1.843137254901958677e-01	2.030000000000000000e+02
1.000000000000000000e+00	6.000000000000000888e-01	2.000000000000001776e-01	2.040000000000000000e+02
1.000000000000000000e+00	6.078431372549020217e-01	2.156862745098040435e-01	2.050000000000000000e+02
1.000000000000000000e+00	6.156862745098039547e-01	2.313725490196079093e-01	2.060000000000000000e+02
1.000000000000000000e+00	6.235294117647058876e-01	2.470588235294117752e-01	2.070000000000000000e+02
1.000000000000000000e+00	6.313725490196078205e-01	2.627450980392156410e-01	2.080000000000000000e+02
1.000000000000000000e+00	6.392156862745097534e-01	2.784313725490195068e-01	2.090000000000000000e+02
1.000000000000000000e+00	6.470588235294116863e-01	2.941176470588233727e-01	2.100000000000000000e+02
1.000000000000000000e+00	6.549019607843136193e-01	3.098039215686272385e-01	2.110000000000000000e+02
1.000000000000000000e+00	6.627450980392155522e-01	3.254901960784311044e-01	2.120000000000000000e+02
1.000000000000000000e+00	6.705882352941177071e-01	3.411764705882354143e-01	2.130000000000000000e+02
1.000000000000000000e+00	6.784313725490196401e-01	3.568627450980392801e-01	2.140000000000000000e+02
1.000000000000000000e+00	6.862745098039215730e-01	3.725490196078431460e-01	2.150000000000000000e+02
1.000000000000000000e+00	6.941176470588235059e-01	3.882352941176470118e-01	2.160000000000000000e+02
1.000000000000000000e+00	7.019607843137254388e-01	4.039215686274508776e-01	2.170000000000000000e+02
1.000000000000000000e+00	7.098039215686273717e-01	4.196078431372547435e-01	2.180000000000000000e+02
1.000000000000000000e+00	7.176470588235293047e-01	4.352941176470586093e-01	2.190000000000000000e+02
1.000000000000000000e+00	7.254901960784314596e-01	4.509803921568629193e-01	2.200000000000000000e+02
1.000000000000000000e+00	7.333333333333333925e-01	4.666666666666667851e-01	2.210000000000000000e+02
1.000000000000000000e+00	7.411764705882353255e-01	4.823529411764706509e-01	2.220000000000000000e+02
1.000000000000000000e+00	7.490196078431372584e-01	4.980392156862745168e-01	2.230000000000000000e+02
1.000000000000000000e+00	7.568627450980391913e-01	5.137254901960783826e-01	2.240000000000000000e+02
1.000000000000000000e+00	7.647058823529411242e-01	5.294117647058822484e-01	2.250000000000000000e+02
1.000000000000000000e+00	7.725490196078430571e-01	5.450980392156861143e-01	2.260000000000000000e+02
1.000000000000000000e+00	7.803921568627449901e-01	5.607843137254899801e-01	2.270000000000000000e+02
1.000000000000000000e+00	7.882352941176469230e-01	5.764705882352938460e-01	2.280000000000000000e+02
1.000000000000000000e+00	7.960784313725490779e-01	5.921568627450981559e-01	2.290000000000000000e+02
1.000000000000000000e+00	8.039215686274510109e-01	6.078431372549020217e-01	2.300000000000000000e+02
1.000000000000000000e+00	8.117647058823529438e-01	6.235294117647058876e-01	2.310000000000000000e+02
1.000000000000000000e+00	8.196078431372548767e-01	6.392156862745097534e-01	2.320000000000000000e+02
1.000000000000000000e+00	8.274509803921568096e-01	6.549019607843136193e-01	2.330000000000000000e+02
1.000000000000000000e+00	8.352941176470587425e-01	6.705882352941174851e-01	2.340000000000000000e+02
1.000000000000000000e+00	8.431372549019606755e-01	6.862745098039213509e-01	2.350000000000000000e+02
1.000000000000000000e+00	8.509803921568628304e-01	7.019607843137256609e-01	2.360000000000000000e+02
1.000000000000000000e+00	8.588235294117647634e-01	7.176470588235295267e-01	2.370000000000000000e+02
1.000000000000000000e+00	8.666666666666666963e-01	7.333333333333333925e-01	2.380000000000000000e+02
1.000000000000000000e+00	8.745098039215686292e-01	7.490196078431372584e-01	2.390000000000000000e+02
1.000000000000000000e+00	8.823529411764705621e-01	7.647058823529411242e-01	2.400000000000000000e+02
1.000000000000000000e+00	8.901960784313724950e-01	7.803921568627449901e-01	2.410000000000000000e+02
1.000000000000000000e+00	8.980392156862744280e-01	7.960784313725488559e-01	2.420000000000000000e+02
1.000000000000000000e+00	9.058823529411763609e-01	8.117647058823527217e-01	2.430000000000000000e+02
1.000000000000000000e+00	9.137254901960782938e-01	8.274509803921565876e-01	2.440000000000000000e+02
1.000000000000000000e+00	9.215686274509804488e-01	8.431372549019608975e-01	2.450000000000000000e+02
1.000000000000000000e+00	9.294117647058823817e-01	8.588235294117647634e-01	2.460000000000000000e+02
1.000000000000000000e+00	9.372549019607843146e-01	8.745098039215686292e-01	2.470000000000000000e+02
1.000000000000000000e+00	9.450980392156862475e-01	8.901960784313724950e-01	2.480000000000000000e+02
1.000000000000000000e+00	9.529411764705881804e-01	9.058823529411763609e-01	2.490000000000000000e+02
1.000000000000000000e+00	9.607843137254901134e-01	9.215686274509802267e-01	2.500000000000000000e+02
1.000000000000000000e+00	9.686274509803920463e-01	9.372549019607840926e-01	2.510000000000000000e+02
1.000000000000000000e+00	9.764705882352942012e-01	9.529411764705884025e-01	2.520000000000000000e+02
1.000000000000000000e+00	9.843137254901961342e-01	9.686274509803922683e-01	2.530000000000000000e+02
1.000000000000000000e+00	9.921568627450980671e-01	9.843137254901961342e-01	2.540000000000000000e+02
1.000000000000000000e+00	1.000000000000000000e+00	1.000000000000000000e+00	2.550000000000000000e+02
