4.039215743541717529e-01	0.000000000000000000e+00	1.215686276555061340e-01	0.000000000000000000e+00
4.154556002102646195e-01	3.690888192139419634e-03	1.234140718976656642e-01	1.000000000000000000e+00
4.269896260663574861e-01	7.381776384278839268e-03	1.252595161398251944e-01	2.000000000000000000e+00
4.385236519224503526e-01	1.107266457641825977e-02	1.271049603819847107e-01	3.000000000000000000e+00
4.500576777785432192e-01	1.476355276855767854e-02	1.289504046241442270e-01	4.000000000000000000e+00
4.615917036346360858e-01	1.845444096069709730e-02	1.307958488663037711e-01	5.000000000000000000e+00
4.731257294907289523e-01	2.214532915283651954e-02	1.326412931084632874e-01	6.000000000000000000e+00
4.846597553468218189e-01	2.583621734497594177e-02	1.344867373506228037e-01	7.000000000000000000e+00
4.961937812029146855e-01	2.952710553711535707e-02	1.363321815927823477e-01	8.000000000000000000e+00
5.077278070590075520e-01	3.321799372925478278e-02	1.381776258349418640e-01	9.000000000000000000e+00
5.192618329151004186e-01	3.690888192139419460e-02	1.400230700771013803e-01	1.000000000000000000e+01
5.307958587711932852e-01	4.059977011353362031e-02	1.418685143192609244e-01	1.100000000000000000e+01
5.423298846272861518e-01	4.429065830567303907e-02	1.437139585614204407e-01	1.200000000000000000e+01
5.538639104833790183e-01	4.798154649781245784e-02	1.455594028035799570e-01	1.300000000000000000e+01
5.653979363394718849e-01	5.167243468995188355e-02	1.474048470457395010e-01	1.400000000000000000e+01
5.769319621955647515e-01	5.536332288209130231e-02	1.492502912878990173e-01	1.500000000000000000e+01
5.884659880516576180e-01	5.905421107423071414e-02	1.510957355300585336e-01	1.600000000000000000e+01
6.000000139077503736e-01	6.274509926637013291e-02	1.529411797722180499e-01	1.700000000000000000e+01
6.115340397638433512e-01	6.643598745850956555e-02	1.547866240143775940e-01	1.800000000000000000e+01
6.230680656199362177e-01	7.012687565064898432e-02	1.566320682565371103e-01	1.900000000000000000e+01
6.346020914760290843e-01	7.381776384278838921e-02	1.584775124986966544e-01	2.000000000000000000e+01
6.461361173321218399e-01	7.750865203492780797e-02	1.603229567408561707e-01	2.100000000000000000e+01
6.576701431882148174e-01	8.119954022706724062e-02	1.621684009830157147e-01	2.200000000000000000e+01
6.692041690443075730e-01	8.489042841920665938e-02	1.640138452251752310e-01	2.300000000000000000e+01
6.807381949004005506e-01	8.858131661134607815e-02	1.658592894673347473e-01	2.400000000000000000e+01
6.922722207564933061e-01	9.227220480348549692e-02	1.677047337094942636e-01	2.500000000000000000e+01
7.008073996095096625e-01	9.965398118776433445e-02	1.712418350518918608e-01	2.600000000000000000e+01
7.063437314594492866e-01	1.107266457641825907e-01	1.764705934945274834e-01	2.700000000000000000e+01
7.118800633093890218e-01	1.217993103406008470e-01	1.816993519371631061e-01	2.800000000000000000e+01
7.174163951593286459e-01	1.328719749170191311e-01	1.869281103797987287e-01	2.900000000000000000e+01
7.229527270092683811e-01	1.439446394934373874e-01	1.921568688224343791e-01	3.000000000000000000e+01
7.284890588592080052e-01	1.550173040698556437e-01	1.973856272650700017e-01	3.100000000000000000e+01
7.340253907091477403e-01	1.660899686462739000e-01	2.026143857077056243e-01	3.200000000000000000e+01
7.395617225590873645e-01	1.771626332226920730e-01	2.078431441503412191e-01	3.300000000000000000e+01
7.450980544090270996e-01	1.882352977991104126e-01	2.130719025929768695e-01	3.400000000000000000e+01
7.506343862589668348e-01	1.993079623755286689e-01	2.183006610356125199e-01	3.500000000000000000e+01
7.561707181089064589e-01	2.103806269519469252e-01	2.235294194782481425e-01	3.600000000000000000e+01
7.617070499588460830e-01	2.214532915283651260e-01	2.287581779208837374e-01	3.700000000000000000e+01
7.672433818087858182e-01	2.325259561047834378e-01	2.339869363635194155e-01	3.800000000000000000e+01
7.727797136587255533e-01	2.435986206812017218e-01	2.392156948061550381e-01	3.900000000000000000e+01
7.783160455086651774e-01	2.546712852576199504e-01	2.444444532487906607e-01	4.000000000000000000e+01
7.838523773586048016e-01	2.657439498340381512e-01	2.496732116914262556e-01	4.100000000000000000e+01
7.893887092085445367e-01	2.768166144104564630e-01	2.549019701340619060e-01	4.200000000000000000e+01
7.949250410584842719e-01	2.878892789868747748e-01	2.601307285766975563e-01	4.300000000000000000e+01
8.004613729084238960e-01	2.989619435632929756e-01	2.653594870193332067e-01	4.400000000000000000e+01
8.059977047583635201e-01	3.100346081397111764e-01	2.705882454619688016e-01	4.500000000000000000e+01
8.115340366083032553e-01	3.211072727161295437e-01	2.758170039046044519e-01	4.600000000000000000e+01
8.170703684582429904e-01	3.321799372925478000e-01	2.810457623472401023e-01	4.700000000000000000e+01
8.226067003081826146e-01	3.432526018689660008e-01	2.862745207898756972e-01	4.800000000000000000e+01
8.281430321581222387e-01	3.543252664453842016e-01	2.915032792325112920e-01	4.900000000000000000e+01
8.336793640080619738e-01	3.653979310218025689e-01	2.967320376751469979e-01	5.000000000000000000e+01
8.392156958580017090e-01	3.764705955982208252e-01	3.019607961177825928e-01	5.100000000000000000e+01
8.438293057329514513e-01	3.870818994793237544e-01	3.101115080655789669e-01	5.200000000000000000e+01
8.484429156079011936e-01	3.976932033604265726e-01	3.182622200133753410e-01	5.300000000000000000e+01
8.530565254828509358e-01	4.083045072415295573e-01	3.264129319611717706e-01	5.400000000000000000e+01
8.576701353578006781e-01	4.189158111226324865e-01	3.345636439089681446e-01	5.500000000000000000e+01
8.622837452327504204e-01	4.295271150037354158e-01	3.427143558567645742e-01	5.600000000000000000e+01
8.668973551077000517e-01	4.401384188848382339e-01	3.508650678045608928e-01	5.700000000000000000e+01
8.715109649826499050e-01	4.507497227659412742e-01	3.590157797523573224e-01	5.800000000000000000e+01
8.761245748575996473e-01	4.613610266470441479e-01	3.671664917001536965e-01	5.900000000000000000e+01
8.807381847325492785e-01	4.719723305281470771e-01	3.753172036479501261e-01	6.000000000000000000e+01
8.853517946074990208e-01	4.825836344092498953e-01	3.834679155957464447e-01	6.100000000000000000e+01
8.899654044824487631e-01	4.931949382903529355e-01	3.916186275435429298e-01	6.200000000000000000e+01
8.945790143573985054e-01	5.038062421714558647e-01	3.997693394913393039e-01	6.300000000000000000e+01
8.991926242323482477e-01	5.144175460525587384e-01	4.079200514391356780e-01	6.400000000000000000e+01
9.038062341072979899e-01	5.250288499336617232e-01	4.160707633869320521e-01	6.500000000000000000e+01
9.084198439822477322e-01	5.356401538147643748e-01	4.242214753347283707e-01	6.600000000000000000e+01
9.130334538571974745e-01	5.462514576958674706e-01	4.323721872825248558e-01	6.700000000000000000e+01
9.176470637321472168e-01	5.568627615769703443e-01	4.405228992303212299e-01	6.800000000000000000e+01
9.222606736070969591e-01	5.674740654580733290e-01	4.486736111781176595e-01	6.900000000000000000e+01
9.268742834820467014e-01	5.780853693391763137e-01	4.568243231259140336e-01	7.000000000000000000e+01
9.314878933569964437e-01	5.886966732202791874e-01	4.649750350737104077e-01	7.100000000000000000e+01
9.361015032319461859e-01	5.993079771013820611e-01	4.731257470215067817e-01	7.200000000000000000e+01
9.407151131068959282e-01	6.099192809824850459e-01	4.812764589693032113e-01	7.300000000000000000e+01
9.453287229818455595e-01	6.205305848635878085e-01	4.894271709170994744e-01	7.400000000000000000e+01
9.499423328567954128e-01	6.311418887446909043e-01	4.975778828648960150e-01	7.500000000000000000e+01
9.545559427317451551e-01	6.417531926257937780e-01	5.057285948126923891e-01	7.600000000000000000e+01
9.575547891504624376e-01	6.512110934538000162e-01	5.151096021427827854e-01	7.700000000000000000e+01
9.589388721129473714e-01	6.595155912287095079e-01	5.257209048551672037e-01	7.800000000000000000e+01
9.603229550754323052e-01	6.678200890036189996e-01	5.363322075675515110e-01	7.900000000000000000e+01
9.617070380379172390e-01	6.761245867785286023e-01	5.469435102799359294e-01	8.000000000000000000e+01
9.630911210004020617e-01	6.844290845534380940e-01	5.575548129923203478e-01	8.100000000000000000e+01
9.644752039628869955e-01	6.927335823283474747e-01	5.681661157047045441e-01	8.200000000000000000e+01
9.658592869253719293e-01	7.010380801032570774e-01	5.787774184170890734e-01	8.300000000000000000e+01
9.672433698878568631e-01	7.093425778781666802e-01	5.893887211294734918e-01	8.400000000000000000e+01
9.686274528503417969e-01	7.176470756530761719e-01	6.000000238418579102e-01	8.500000000000000000e+01
9.700115358128267307e-01	7.259515734279856636e-01	6.106113265542423285e-01	8.600000000000000000e+01
9.713956187753116645e-01	7.342560712028951553e-01	6.212226292666267469e-01	8.700000000000000000e+01
9.727797017377965982e-01	7.425605689778047580e-01	6.318339319790110542e-01	8.800000000000000000e+01
9.741637847002815320e-01	7.508650667527142497e-01	6.424452346913954726e-01	8.900000000000000000e+01
9.755478676627663548e-01	7.591695645276236304e-01	6.530565374037797799e-01	9.000000000000000000e+01
9.769319506252512886e-01	7.674740623025333441e-01	6.636678401161641982e-01	9.100000000000000000e+01
9.783160335877362224e-01	7.757785600774428358e-01	6.742791428285486166e-01	9.200000000000000000e+01
9.797001165502211562e-01	7.840830578523523275e-01	6.848904455409330350e-01	9.300000000000000000e+01
9.810841995127060899e-01	7.923875556272619303e-01	6.955017482533174533e-01	9.400000000000000000e+01
9.824682824751910237e-01	8.006920534021714220e-01	7.061130509657018717e-01	9.500000000000000000e+01
9.838523654376759575e-01	8.089965511770809137e-01	7.167243536780861790e-01	9.600000000000000000e+01
9.852364484001608913e-01	8.173010489519905164e-01	7.273356563904705974e-01	9.700000000000000000e+01
9.866205313626457141e-01	8.256055467268998971e-01	7.379469591028549047e-01	9.800000000000000000e+01
9.880046143251306479e-01	8.339100445018094998e-01	7.485582618152394341e-01	9.900000000000000000e+01
9.893886972876155816e-01	8.422145422767189915e-01	7.591695645276237414e-01	1.000000000000000000e+02
9.907727802501005154e-01	8.505190400516285942e-01	7.697808672400081598e-01	1.010000000000000000e+02
9.921568632125854492e-01	8.588235378265380859e-01	7.803921699523925781e-01	1.020000000000000000e+02
9.912341412375954564e-01	8.631295737098244603e-01	7.877739457523121880e-01	1.030000000000000000e+02
9.903114192626055745e-01	8.674356095931109456e-01	7.951557215522316868e-01	1.040000000000000000e+02
9.893886972876155816e-01	8.717416454763973199e-01	8.025374973521512967e-01	1.050000000000000000e+02
9.884659753126256998e-01	8.760476813596836942e-01	8.099192731520707955e-01	1.060000000000000000e+02
9.875432533376357069e-01	8.803537172429701796e-01	8.173010489519905164e-01	1.070000000000000000e+02
9.866205313626457141e-01	8.846597531262565539e-01	8.246828247519100152e-01	1.080000000000000000e+02
9.856978093876558322e-01	8.889657890095430393e-01	8.320646005518296251e-01	1.090000000000000000e+02
9.847750874126658394e-01	8.932718248928294136e-01	8.394463763517492350e-01	1.100000000000000000e+02
9.838523654376759575e-01	8.975778607761158989e-01	8.468281521516687338e-01	1.110000000000000000e+02
9.829296434626859646e-01	9.018838966594022732e-01	8.542099279515883437e-01	1.120000000000000000e+02
9.820069214876960828e-01	9.061899325426887586e-01	8.615917037515079535e-01	1.130000000000000000e+02
9.810841995127060899e-01	9.104959684259750219e-01	8.689734795514274523e-01	1.140000000000000000e+02
9.801614775377160971e-01	9.148020043092615072e-01	8.763552553513470622e-01	1.150000000000000000e+02
9.792387555627262152e-01	9.191080401925479926e-01	8.837370311512666721e-01	1.160000000000000000e+02
9.783160335877362224e-01	9.234140760758343669e-01	8.911188069511862819e-01	1.170000000000000000e+02
9.773933116127463405e-01	9.277201119591208522e-01	8.985005827511057808e-01	1.180000000000000000e+02
9.764705896377563477e-01	9.320261478424072266e-01	9.058823585510253906e-01	1.190000000000000000e+02
9.755478676627663548e-01	9.363321837256937119e-01	9.132641343509450005e-01	1.200000000000000000e+02
9.746251456877764729e-01	9.406382196089800862e-01	9.206459101508646103e-01	1.210000000000000000e+02
9.737024237127864801e-01	9.449442554922664605e-01	9.280276859507839982e-01	1.220000000000000000e+02
9.727797017377965982e-01	9.492502913755529459e-01	9.354094617507037190e-01	1.230000000000000000e+02
9.718569797628066054e-01	9.535563272588393202e-01	9.427912375506233289e-01	1.240000000000000000e+02
9.709342577878166125e-01	9.578623631421256945e-01	9.501730133505428277e-01	1.250000000000000000e+02
9.700115358128267307e-01	9.621683990254121799e-01	9.575547891504624376e-01	1.260000000000000000e+02
9.690888138378367378e-01	9.664744349086985542e-01	9.649365649503820475e-01	1.270000000000000000e+02
9.657054999295402453e-01	9.672433698878568631e-01	9.680891983649310140e-01	1.280000000000000000e+02
9.598615940879372532e-01	9.644752039628869955e-01	9.670126893941093371e-01	1.290000000000000000e+02
9.540176882463342611e-01	9.617070380379172390e-01	9.659361804232877713e-01	1.300000000000000000e+02
9.481737824047312690e-01	9.589388721129473714e-01	9.648596714524662055e-01	1.310000000000000000e+02
9.423298765631284990e-01	9.561707061879776148e-01	9.637831624816446396e-01	1.320000000000000000e+02
9.364859707215252849e-01	9.534025402630076362e-01	9.627066535108229628e-01	1.330000000000000000e+02
9.306420648799222928e-01	9.506343743380378797e-01	9.616301445400013970e-01	1.340000000000000000e+02
9.247981590383193007e-01	9.478662084130680121e-01	9.605536355691797201e-01	1.350000000000000000e+02
9.189542531967163086e-01	9.450980424880981445e-01	9.594771265983581543e-01	1.360000000000000000e+02
9.131103473551133165e-01	9.423298765631282770e-01	9.584006176275365885e-01	1.370000000000000000e+02
9.072664415135103244e-01	9.395617106381584094e-01	9.573241086567149116e-01	1.380000000000000000e+02
9.014225356719073323e-01	9.367935447131886528e-01	9.562475996858933458e-01	1.390000000000000000e+02
8.955786298303043402e-01	9.340253787882187853e-01	9.551710907150717800e-01	1.400000000000000000e+02
8.897347239887013481e-01	9.312572128632489177e-01	9.540945817442501031e-01	1.410000000000000000e+02
8.838908181470983561e-01	9.284890469382790501e-01	9.530180727734285373e-01	1.420000000000000000e+02
8.780469123054953640e-01	9.257208810133092936e-01	9.519415638026069715e-01	1.430000000000000000e+02
8.722030064638923719e-01	9.229527150883394260e-01	9.508650548317852946e-01	1.440000000000000000e+02
8.663591006222892688e-01	9.201845491633695584e-01	9.497885458609637288e-01	1.450000000000000000e+02
8.605151947806863877e-01	9.174163832383996908e-01	9.487120368901420520e-01	1.460000000000000000e+02
8.546712889390832846e-01	9.146482173134299343e-01	9.476355279193204861e-01	1.470000000000000000e+02
8.488273830974805145e-01	9.118800513884601777e-01	9.465590189484989203e-01	1.480000000000000000e+02
8.429834772558773004e-01	9.091118854634901991e-01	9.454825099776772435e-01	1.490000000000000000e+02
8.371395714142743083e-01	9.063437195385203315e-01	9.444060010068556776e-01	1.500000000000000000e+02
8.312956655726713162e-01	9.035755536135505750e-01	9.433294920360341118e-01	1.510000000000000000e+02
8.254517597310683241e-01	9.008073876885807074e-01	9.422529830652124350e-01	1.520000000000000000e+02
8.196078538894653320e-01	8.980392217636108398e-01	9.411764740943908691e-01	1.530000000000000000e+02
8.099192731520709065e-01	8.931180378969978406e-01	9.384083081694210016e-01	1.540000000000000000e+02
8.002306924146764811e-01	8.881968540303847304e-01	9.356401422444511340e-01	1.550000000000000000e+02
7.905421116772819445e-01	8.832756701637717311e-01	9.328719763194813774e-01	1.560000000000000000e+02
7.808535309398875190e-01	8.783544862971586209e-01	9.301038103945115099e-01	1.570000000000000000e+02
7.711649502024930936e-01	8.734333024305456217e-01	9.273356444695416423e-01	1.580000000000000000e+02
7.614763694650986681e-01	8.685121185639325114e-01	9.245674785445717747e-01	1.590000000000000000e+02
7.517877887277042426e-01	8.635909346973195122e-01	9.217993126196020182e-01	1.600000000000000000e+02
7.420992079903098171e-01	8.586697508307064020e-01	9.190311466946321506e-01	1.610000000000000000e+02
7.324106272529152806e-01	8.537485669640934027e-01	9.162629807696622830e-01	1.620000000000000000e+02
7.227220465155208551e-01	8.488273830974802925e-01	9.134948148446924154e-01	1.630000000000000000e+02
7.130334657781267627e-01	8.439061992308674043e-01	9.107266489197226589e-01	1.640000000000000000e+02
7.033448850407320041e-01	8.389850153642541830e-01	9.079584829947527913e-01	1.650000000000000000e+02
6.936563043033375786e-01	8.340638314976411838e-01	9.051903170697829237e-01	1.660000000000000000e+02
6.839677235659431531e-01	8.291426476310280735e-01	9.024221511448130562e-01	1.670000000000000000e+02
6.742791428285486166e-01	8.242214637644150743e-01	8.996539852198432996e-01	1.680000000000000000e+02
6.645905620911541911e-01	8.193002798978019641e-01	8.968858192948734320e-01	1.690000000000000000e+02
6.549019813537597656e-01	8.143790960311889648e-01	8.941176533699035645e-01	1.700000000000000000e+02
6.452134006163653401e-01	8.094579121645759656e-01	8.913494874449336969e-01	1.710000000000000000e+02
6.355248198789709146e-01	8.045367282979628554e-01	8.885813215199638293e-01	1.720000000000000000e+02
6.258362391415763781e-01	7.996155444313498561e-01	8.858131555949940728e-01	1.730000000000000000e+02
6.161476584041820637e-01	7.946943605647367459e-01	8.830449896700242052e-01	1.740000000000000000e+02
6.064590776667875271e-01	7.897731766981237467e-01	8.802768237450543376e-01	1.750000000000000000e+02
5.967704969293931017e-01	7.848519928315106364e-01	8.775086578200844700e-01	1.760000000000000000e+02
5.870819161919986762e-01	7.799308089648976372e-01	8.747404918951147135e-01	1.770000000000000000e+02
5.773933354546042507e-01	7.750096250982845270e-01	8.719723259701448459e-01	1.780000000000000000e+02
5.664744581661972367e-01	7.687043582691865939e-01	8.685121185639325114e-01	1.790000000000000000e+02
5.543252843267780783e-01	7.610150084776039492e-01	8.643598696764779321e-01	1.800000000000000000e+02
5.421761104873582537e-01	7.533256586860207493e-01	8.602076207890230197e-01	1.810000000000000000e+02
5.300269366479387623e-01	7.456363088944378825e-01	8.560553719015682184e-01	1.820000000000000000e+02
5.178777628085192708e-01	7.379469591028550157e-01	8.519031230141135280e-01	1.830000000000000000e+02
5.057285889690997793e-01	7.302576093112721489e-01	8.477508741266587267e-01	1.840000000000000000e+02
4.935794151296802879e-01	7.225682595196891711e-01	8.435986252392039253e-01	1.850000000000000000e+02
4.814302412902607409e-01	7.148789097281063043e-01	8.394463763517492350e-01	1.860000000000000000e+02
4.692810674508413049e-01	7.071895599365234375e-01	8.352941274642944336e-01	1.870000000000000000e+02
4.571318936114217579e-01	6.995002101449405707e-01	8.311418785768396322e-01	1.880000000000000000e+02
4.449827197720023220e-01	6.918108603533577039e-01	8.269896296893849419e-01	1.890000000000000000e+02
4.328335459325827750e-01	6.841215105617747261e-01	8.228373808019301405e-01	1.900000000000000000e+02
4.206843720931632835e-01	6.764321607701918593e-01	8.186851319144753392e-01	1.910000000000000000e+02
4.085351982537437920e-01	6.687428109786089925e-01	8.145328830270206488e-01	1.920000000000000000e+02
3.963860244143243006e-01	6.610534611870261257e-01	8.103806341395658475e-01	1.930000000000000000e+02
3.842368505749048091e-01	6.533641113954431479e-01	8.062283852521110461e-01	1.940000000000000000e+02
3.720876767354852621e-01	6.456747616038602811e-01	8.020761363646563558e-01	1.950000000000000000e+02
3.599385028960661592e-01	6.379854118122776363e-01	7.979238874772016654e-01	1.960000000000000000e+02
3.477893290566462792e-01	6.302960620206945475e-01	7.937716385897468641e-01	1.970000000000000000e+02
3.356401552172268432e-01	6.226067122291116807e-01	7.896193897022920627e-01	1.980000000000000000e+02
3.234909813778072962e-01	6.149173624375287028e-01	7.854671408148372613e-01	1.990000000000000000e+02
3.113418075383878048e-01	6.072280126459458360e-01	7.813148919273825710e-01	2.000000000000000000e+02
2.991926336989683133e-01	5.995386628543629692e-01	7.771626430399277696e-01	2.010000000000000000e+02
2.870434598595488218e-01	5.918493130627799914e-01	7.730103941524729683e-01	2.020000000000000000e+02
2.748942860201293303e-01	5.841599632711971246e-01	7.688581452650182779e-01	2.030000000000000000e+02
2.627451121807098389e-01	5.764706134796142578e-01	7.647058963775634766e-01	2.040000000000000000e+02
2.575163537380741885e-01	5.695501974984711335e-01	7.611687954734353001e-01	2.050000000000000000e+02
2.522875952954385936e-01	5.626297815173280092e-01	7.576316945693072347e-01	2.060000000000000000e+02
2.470588368528029433e-01	5.557093655361848850e-01	7.540945936651790582e-01	2.070000000000000000e+02
2.418300784101673206e-01	5.487889495550417607e-01	7.505574927610509928e-01	2.080000000000000000e+02
2.366013199675316980e-01	5.418685335738986364e-01	7.470203918569228163e-01	2.090000000000000000e+02
2.313725615248960477e-01	5.349481175927555121e-01	7.434832909527946398e-01	2.100000000000000000e+02
2.261438030822604250e-01	5.280277016116123878e-01	7.399461900486665744e-01	2.110000000000000000e+02
2.209150446396249412e-01	5.211072856304693746e-01	7.364090891445385090e-01	2.120000000000000000e+02
2.156862861969891521e-01	5.141868696493261393e-01	7.328719882404103325e-01	2.130000000000000000e+02
2.104575277543535572e-01	5.072664536681830150e-01	7.293348873362821561e-01	2.140000000000000000e+02
2.052287693117179068e-01	5.003460376870398907e-01	7.257977864321540906e-01	2.150000000000000000e+02
2.000000108690822842e-01	4.934256217058967109e-01	7.222606855280259142e-01	2.160000000000000000e+02
1.947712524264466616e-01	4.865052057247535866e-01	7.187235846238977377e-01	2.170000000000000000e+02
1.895424939838110112e-01	4.795847897436104623e-01	7.151864837197696723e-01	2.180000000000000000e+02
1.843137355411753886e-01	4.726643737624673380e-01	7.116493828156414958e-01	2.190000000000000000e+02
1.790849770985397660e-01	4.657439577813242138e-01	7.081122819115134304e-01	2.200000000000000000e+02
1.738562186559041434e-01	4.588235418001810895e-01	7.045751810073852539e-01	2.210000000000000000e+02
1.686274602132684930e-01	4.519031258190379097e-01	7.010380801032570774e-01	2.220000000000000000e+02
1.633987017706328704e-01	4.449827098378947854e-01	6.975009791991290120e-01	2.230000000000000000e+02
1.581699433279972478e-01	4.380622938567516611e-01	6.939638782950008355e-01	2.240000000000000000e+02
1.529411848853616251e-01	4.311418778756085368e-01	6.904267773908727701e-01	2.250000000000000000e+02
1.477124264427259748e-01	4.242214618944654125e-01	6.868896764867445937e-01	2.260000000000000000e+02
1.424836680000903522e-01	4.173010459133222882e-01	6.833525755826164172e-01	2.270000000000000000e+02
1.372549095574548683e-01	4.103806299321793860e-01	6.798154746784884628e-01	2.280000000000000000e+02
1.320261511148191069e-01	4.034602139510360397e-01	6.762783737743601753e-01	2.290000000000000000e+02
1.272587536962009047e-01	3.958477567808300623e-01	6.687428103942497648e-01	2.300000000000000000e+02
1.229527173016001229e-01	3.875432584215612875e-01	6.572087845381568982e-01	2.310000000000000000e+02
1.186466809069993411e-01	3.792387600622925126e-01	6.456747586820640317e-01	2.320000000000000000e+02
1.143406445123985732e-01	3.709342617030237377e-01	6.341407328259711651e-01	2.330000000000000000e+02
1.100346081177977914e-01	3.626297633437549628e-01	6.226067069698782985e-01	2.340000000000000000e+02
1.057285717231970235e-01	3.543252649844861324e-01	6.110726811137854320e-01	2.350000000000000000e+02
1.014225353285962417e-01	3.460207666252173575e-01	5.995386552576925654e-01	2.360000000000000000e+02
9.711649893399545985e-02	3.377162682659485826e-01	5.880046294015996988e-01	2.370000000000000000e+02
9.281046253939470581e-02	3.294117699066798077e-01	5.764706035455068323e-01	2.380000000000000000e+02
8.850442614479392400e-02	3.211072715474110328e-01	5.649365776894139657e-01	2.390000000000000000e+02
8.419838975019314220e-02	3.128027731881422024e-01	5.534025518333210991e-01	2.400000000000000000e+02
7.989235335559237428e-02	3.044982748288734276e-01	5.418685259772282325e-01	2.410000000000000000e+02
7.558631696099160635e-02	2.961937764696046527e-01	5.303345001211353660e-01	2.420000000000000000e+02
7.128028056639082455e-02	2.878892781103358223e-01	5.188004742650424994e-01	2.430000000000000000e+02
6.697424417179018152e-02	2.795847797510673249e-01	5.072664484089499659e-01	2.440000000000000000e+02
6.266820777718927482e-02	2.712802813917982725e-01	4.957324225528567663e-01	2.450000000000000000e+02
5.836217138258849302e-02	2.629757830325294976e-01	4.841983966967638997e-01	2.460000000000000000e+02
5.405613498798772509e-02	2.546712846732607227e-01	4.726643708406710331e-01	2.470000000000000000e+02
4.975009859338695717e-02	2.463667863139919201e-01	4.611303449845781666e-01	2.480000000000000000e+02
4.544406219878617537e-02	2.380622879547231452e-01	4.495963191284853000e-01	2.490000000000000000e+02
4.113802580418539356e-02	2.297577895954543425e-01	4.380622932723924334e-01	2.500000000000000000e+02
3.683198940958462564e-02	2.214532912361855677e-01	4.265282674162995669e-01	2.510000000000000000e+02
3.252595301498385771e-02	2.131487928769167650e-01	4.149942415602067003e-01	2.520000000000000000e+02
2.821991662038307591e-02	2.048442945176479901e-01	4.034602157041138337e-01	2.530000000000000000e+02
2.391388022578229411e-02	1.965397961583791875e-01	3.919261898480209672e-01	2.540000000000000000e+02
1.960784383118152618e-02	1.882352977991104126e-01	3.803921639919281006e-01	2.550000000000000000e+02
