6.196078658103942871e-01	3.921568859368562698e-03	2.588235437870025635e-01	0.000000000000000000e+00
6.280661505811354628e-01	1.330257617119772785e-02	2.608227747328141222e-01	1.000000000000000000e+00
6.365244353518766385e-01	2.268358348302689301e-02	2.628220056786256809e-01	2.000000000000000000e+00
6.449827201226178142e-01	3.206459079485605990e-02	2.648212366244372395e-01	3.000000000000000000e+00
6.534410048933589898e-01	4.144559810668522332e-02	2.668204675702487982e-01	4.000000000000000000e+00
6.618992896641001655e-01	5.082660541851438674e-02	2.688196985160603014e-01	5.000000000000000000e+00
6.703575744348413412e-01	6.020761273034355016e-02	2.708189294618718601e-01	6.000000000000000000e+00
6.788158592055825169e-01	6.958862004217272745e-02	2.728181604076834188e-01	7.000000000000000000e+00
6.872741439763236926e-01	7.896962735400188393e-02	2.748173913534949775e-01	8.000000000000000000e+00
6.957324287470649793e-01	8.835063466583105429e-02	2.768166222993065362e-01	9.000000000000000000e+00
7.041907135178061550e-01	9.773164197766021077e-02	2.788158532451180949e-01	1.000000000000000000e+01
7.126489982885473307e-01	1.071126492894893811e-01	2.808150841909296536e-01	1.100000000000000000e+01
7.211072830592885063e-01	1.164936566013185376e-01	2.828143151367412123e-01	1.200000000000000000e+01
7.295655678300296820e-01	1.258746639131476941e-01	2.848135460825527154e-01	1.300000000000000000e+01
7.380238526007708577e-01	1.352556712249768922e-01	2.868127770283642741e-01	1.400000000000000000e+01
7.464821373715120334e-01	1.446366785368060348e-01	2.888120079741758328e-01	1.500000000000000000e+01
7.549404221422532091e-01	1.540176858486352052e-01	2.908112389199873915e-01	1.600000000000000000e+01
7.633987069129943848e-01	1.633986931604643478e-01	2.928104698657989502e-01	1.700000000000000000e+01
7.718569916837355604e-01	1.727797004722935459e-01	2.948097008116105089e-01	1.800000000000000000e+01
7.803152764544767361e-01	1.821607077841226885e-01	2.968089317574220676e-01	1.900000000000000000e+01
7.887735612252179118e-01	1.915417150959518588e-01	2.988081627032336263e-01	2.000000000000000000e+01
7.972318459959590875e-01	2.009227224077810292e-01	3.008073936490451850e-01	2.100000000000000000e+01
8.056901307667003742e-01	2.103037297196101996e-01	3.028066245948567436e-01	2.200000000000000000e+01
8.141484155374414389e-01	2.196847370314393699e-01	3.048058555406682468e-01	2.300000000000000000e+01
8.226067003081827256e-01	2.290657443432685125e-01	3.068050864864798055e-01	2.400000000000000000e+01
8.310649850789237902e-01	2.384467516550976829e-01	3.088043174322913642e-01	2.500000000000000000e+01
8.376778258996850912e-01	2.467512500052358726e-01	3.088812109302072062e-01	2.600000000000000000e+01
8.424452227704665175e-01	2.539792393936830539e-01	3.070357669802272760e-01	2.700000000000000000e+01
8.472126196412479437e-01	2.612072287821302075e-01	3.051903230302474013e-01	2.800000000000000000e+01
8.519800165120292590e-01	2.684352181705774165e-01	3.033448790802675266e-01	2.900000000000000000e+01
8.567474133828106853e-01	2.756632075590245701e-01	3.014994351302875963e-01	3.000000000000000000e+01
8.615148102535921115e-01	2.828911969474717791e-01	2.996539911803077216e-01	3.100000000000000000e+01
8.662822071243735378e-01	2.901191863359189327e-01	2.978085472303278469e-01	3.200000000000000000e+01
8.710496039951548530e-01	2.973471757243660862e-01	2.959631032803479722e-01	3.300000000000000000e+01
8.758170008659362793e-01	3.045751651128132953e-01	2.941176593303680420e-01	3.400000000000000000e+01
8.805843977367177056e-01	3.118031545012605044e-01	2.922722153803881673e-01	3.500000000000000000e+01
8.853517946074990208e-01	3.190311438897076579e-01	2.904267714304082371e-01	3.600000000000000000e+01
8.901191914782804471e-01	3.262591332781548115e-01	2.885813274804283624e-01	3.700000000000000000e+01
8.948865883490618733e-01	3.334871226666020205e-01	2.867358835304484876e-01	3.800000000000000000e+01
8.996539852198432996e-01	3.407151120550492296e-01	2.848904395804685574e-01	3.900000000000000000e+01
9.044213820906246148e-01	3.479431014434963831e-01	2.830449956304886827e-01	4.000000000000000000e+01
9.091887789614060411e-01	3.551710908319435367e-01	2.811995516805088080e-01	4.100000000000000000e+01
9.139561758321874674e-01	3.623990802203908013e-01	2.793541077305288778e-01	4.200000000000000000e+01
9.187235727029687826e-01	3.696270696088379548e-01	2.775086637805490031e-01	4.300000000000000000e+01
9.234909695737502089e-01	3.768550589972851084e-01	2.756632198305690729e-01	4.400000000000000000e+01
9.282583664445316352e-01	3.840830483857322619e-01	2.738177758805891981e-01	4.500000000000000000e+01
9.330257633153129504e-01	3.913110377741795265e-01	2.719723319306093234e-01	4.600000000000000000e+01
9.377931601860943767e-01	3.985390271626266800e-01	2.701268879806293932e-01	4.700000000000000000e+01
9.425605570568758029e-01	4.057670165510738336e-01	2.682814440306495185e-01	4.800000000000000000e+01
9.473279539276571182e-01	4.129950059395209871e-01	2.664360000806696438e-01	4.900000000000000000e+01
9.520953507984385444e-01	4.202229953279682517e-01	2.645905561306897136e-01	5.000000000000000000e+01
9.568627476692199707e-01	4.274509847164154053e-01	2.627451121807098389e-01	5.100000000000000000e+01
9.582468306317049045e-01	4.374471406141917096e-01	2.673587220556595812e-01	5.200000000000000000e+01
9.596309135941898383e-01	4.474432965119679029e-01	2.719723319306092679e-01	5.300000000000000000e+01
9.610149965566747721e-01	4.574394524097442627e-01	2.765859418055590657e-01	5.400000000000000000e+01
9.623990795191597059e-01	4.674356083075205670e-01	2.811995516805088080e-01	5.500000000000000000e+01
9.637831624816445286e-01	4.774317642052968158e-01	2.858131615554584948e-01	5.600000000000000000e+01
9.651672454441294624e-01	4.874279201030730646e-01	2.904267714304082371e-01	5.700000000000000000e+01
9.665513284066143962e-01	4.974240760008494244e-01	2.950403813053579793e-01	5.800000000000000000e+01
9.679354113690993300e-01	5.074202318986257287e-01	2.996539911803077216e-01	5.900000000000000000e+01
9.693194943315842638e-01	5.174163877964019775e-01	3.042676010552574639e-01	6.000000000000000000e+01
9.707035772940691976e-01	5.274125436941782263e-01	3.088812109302071507e-01	6.100000000000000000e+01
9.720876602565541313e-01	5.374086995919545862e-01	3.134948208051569485e-01	6.200000000000000000e+01
9.734717432190390651e-01	5.474048554897308350e-01	3.181084306801066908e-01	6.300000000000000000e+01
9.748558261815238879e-01	5.574010113875070838e-01	3.227220405550563775e-01	6.400000000000000000e+01
9.762399091440088217e-01	5.673971672852834436e-01	3.273356504300061198e-01	6.500000000000000000e+01
9.776239921064937555e-01	5.773933231830595814e-01	3.319492603049558066e-01	6.600000000000000000e+01
9.790080750689786893e-01	5.873894790808359412e-01	3.365628701799056044e-01	6.700000000000000000e+01
9.803921580314636230e-01	5.973856349786121900e-01	3.411764800548553467e-01	6.800000000000000000e+01
9.817762409939485568e-01	6.073817908763885498e-01	3.457900899298050890e-01	6.900000000000000000e+01
9.831603239564334906e-01	6.173779467741647986e-01	3.504036998047548312e-01	7.000000000000000000e+01
9.845444069189184244e-01	6.273741026719411584e-01	3.550173096797045735e-01	7.100000000000000000e+01
9.859284898814033582e-01	6.373702585697174072e-01	3.596309195546543158e-01	7.200000000000000000e+01
9.873125728438881810e-01	6.473664144674937670e-01	3.642445294296040581e-01	7.300000000000000000e+01
9.886966558063731147e-01	6.573625703652699048e-01	3.688581393045536894e-01	7.400000000000000000e+01
9.900807387688580485e-01	6.673587262630462646e-01	3.734717491795034872e-01	7.500000000000000000e+01
9.914648217313429823e-01	6.773548821608225134e-01	3.780853590544532294e-01	7.600000000000000000e+01
9.922337567105012912e-01	6.861976350055021268e-01	3.836216914887521923e-01	7.700000000000000000e+01
9.923875437063329752e-01	6.938869847970849936e-01	3.900807464824003201e-01	7.800000000000000000e+01
9.925413307021645481e-01	7.015763345886679714e-01	3.965398014760485035e-01	7.900000000000000000e+01
9.926951176979962321e-01	7.092656843802508382e-01	4.029988564696966313e-01	8.000000000000000000e+01
9.928489046938279161e-01	7.169550341718337050e-01	4.094579114633448147e-01	8.100000000000000000e+01
9.930026916896596001e-01	7.246443839634164608e-01	4.159169664569928870e-01	8.200000000000000000e+01
9.931564786854911731e-01	7.323337337549995496e-01	4.223760214506411259e-01	8.300000000000000000e+01
9.933102656813228570e-01	7.400230835465824164e-01	4.288350764442892538e-01	8.400000000000000000e+01
9.934640526771545410e-01	7.477124333381652832e-01	4.352941314379374371e-01	8.500000000000000000e+01
9.936178396729862250e-01	7.554017831297481500e-01	4.417531864315855650e-01	8.600000000000000000e+01
9.937716266688179090e-01	7.630911329213310168e-01	4.482122414252337483e-01	8.700000000000000000e+01
9.939254136646494819e-01	7.707804827129139946e-01	4.546712964188818762e-01	8.800000000000000000e+01
9.940792006604811659e-01	7.784698325044968614e-01	4.611303514125300040e-01	8.900000000000000000e+01
9.942329876563128499e-01	7.861591822960796172e-01	4.675894064061780764e-01	9.000000000000000000e+01
9.943867746521445339e-01	7.938485320876625950e-01	4.740484613998263708e-01	9.100000000000000000e+01
9.945405616479761068e-01	8.015378818792455728e-01	4.805075163934744986e-01	9.200000000000000000e+01
9.946943486438077908e-01	8.092272316708284396e-01	4.869665713871226820e-01	9.300000000000000000e+01
9.948481356396394748e-01	8.169165814624113064e-01	4.934256263807708098e-01	9.400000000000000000e+01
9.950019226354711588e-01	8.246059312539941732e-01	4.998846813744189932e-01	9.500000000000000000e+01
9.951557096313027317e-01	8.322952810455770400e-01	5.063437363680671766e-01	9.600000000000000000e+01
9.953094966271344157e-01	8.399846308371600179e-01	5.128027913617152489e-01	9.700000000000000000e+01
9.954632836229660997e-01	8.476739806287427736e-01	5.192618463553633212e-01	9.800000000000000000e+01
9.956170706187977837e-01	8.553633304203257515e-01	5.257209013490116156e-01	9.900000000000000000e+01
9.957708576146293566e-01	8.630526802119087293e-01	5.321799563426596880e-01	1.000000000000000000e+02
9.959246446104610406e-01	8.707420300034915961e-01	5.386390113363078713e-01	1.010000000000000000e+02
9.960784316062927246e-01	8.784313797950744629e-01	5.450980663299560547e-01	1.020000000000000000e+02
9.962322186021244086e-01	8.831987766658558892e-01	5.530949901132022895e-01	1.030000000000000000e+02
9.963860055979560926e-01	8.879661735366372044e-01	5.610919138964485242e-01	1.040000000000000000e+02
9.965397925937876655e-01	8.927335704074186307e-01	5.690888376796946480e-01	1.050000000000000000e+02
9.966935795896193495e-01	8.975009672781999459e-01	5.770857614629407717e-01	1.060000000000000000e+02
9.968473665854510335e-01	9.022683641489814832e-01	5.850826852461871175e-01	1.070000000000000000e+02
9.970011535812827175e-01	9.070357610197627984e-01	5.930796090294333522e-01	1.080000000000000000e+02
9.971549405771142904e-01	9.118031578905442247e-01	6.010765328126794760e-01	1.090000000000000000e+02
9.973087275729459744e-01	9.165705547613256510e-01	6.090734565959257107e-01	1.100000000000000000e+02
9.974625145687776584e-01	9.213379516321069662e-01	6.170703803791719455e-01	1.110000000000000000e+02
9.976163015646093424e-01	9.261053485028883925e-01	6.250673041624181803e-01	1.120000000000000000e+02
9.977700885604409153e-01	9.308727453736698187e-01	6.330642279456644150e-01	1.130000000000000000e+02
9.979238755562725993e-01	9.356401422444511340e-01	6.410611517289104277e-01	1.140000000000000000e+02
9.980776625521042833e-01	9.404075391152325603e-01	6.490580755121567735e-01	1.150000000000000000e+02
9.982314495479359673e-01	9.451749359860139865e-01	6.570549992954030083e-01	1.160000000000000000e+02
9.983852365437675402e-01	9.499423328567954128e-01	6.650519230786491320e-01	1.170000000000000000e+02
9.985390235395992242e-01	9.547097297275767280e-01	6.730488468618953668e-01	1.180000000000000000e+02
9.986928105354309082e-01	9.594771265983581543e-01	6.810457706451416016e-01	1.190000000000000000e+02
9.988465975312625922e-01	9.642445234691395806e-01	6.890426944283878363e-01	1.200000000000000000e+02
9.990003845270942762e-01	9.690119203399208958e-01	6.970396182116340711e-01	1.210000000000000000e+02
9.991541715229258491e-01	9.737793172107023221e-01	7.050365419948800838e-01	1.220000000000000000e+02
9.993079585187575331e-01	9.785467140814837483e-01	7.130334657781264296e-01	1.230000000000000000e+02
9.994617455145892171e-01	9.833141109522651746e-01	7.210303895613726644e-01	1.240000000000000000e+02
9.996155325104209011e-01	9.880815078230464898e-01	7.290273133446187881e-01	1.250000000000000000e+02
9.997693195062524740e-01	9.928489046938279161e-01	7.370242371278650229e-01	1.260000000000000000e+02
9.999231065020841580e-01	9.976163015646093424e-01	7.450211609111112576e-01	1.270000000000000000e+02
9.980776625521042833e-01	9.992310650208416911e-01	7.460207763840170925e-01	1.280000000000000000e+02
9.942329876563128499e-01	9.976931950625251844e-01	7.400230835465824164e-01	1.290000000000000000e+02
9.903883127605214165e-01	9.961553251042085666e-01	7.340253907091477403e-01	1.300000000000000000e+02
9.865436378647299831e-01	9.946174551458919488e-01	7.280276978717130643e-01	1.310000000000000000e+02
9.826989629689385497e-01	9.930795851875754421e-01	7.220300050342786102e-01	1.320000000000000000e+02
9.788542880731470053e-01	9.915417152292588243e-01	7.160323121968437121e-01	1.330000000000000000e+02
9.750096131773555719e-01	9.900038452709422065e-01	7.100346193594091471e-01	1.340000000000000000e+02
9.711649382815641385e-01	9.884659753126256998e-01	7.040369265219744710e-01	1.350000000000000000e+02
9.673202633857727051e-01	9.869281053543090820e-01	6.980392336845397949e-01	1.360000000000000000e+02
9.634755884899812717e-01	9.853902353959924643e-01	6.920415408471051188e-01	1.370000000000000000e+02
9.596309135941898383e-01	9.838523654376759575e-01	6.860438480096704428e-01	1.380000000000000000e+02
9.557862386983984049e-01	9.823144954793593397e-01	6.800461551722358777e-01	1.390000000000000000e+02
9.519415638026069715e-01	9.807766255210427220e-01	6.740484623348012017e-01	1.400000000000000000e+02
9.480968889068154271e-01	9.792387555627262152e-01	6.680507694973665256e-01	1.410000000000000000e+02
9.442522140110239937e-01	9.777008856044095975e-01	6.620530766599318495e-01	1.420000000000000000e+02
9.404075391152325603e-01	9.761630156460929797e-01	6.560553838224971734e-01	1.430000000000000000e+02
9.365628642194411269e-01	9.746251456877764729e-01	6.500576909850624974e-01	1.440000000000000000e+02
9.327181893236496935e-01	9.730872757294598552e-01	6.440599981476279323e-01	1.450000000000000000e+02
9.288735144278582601e-01	9.715494057711433484e-01	6.380623053101932562e-01	1.460000000000000000e+02
9.250288395320668267e-01	9.700115358128267307e-01	6.320646124727585802e-01	1.470000000000000000e+02
9.211841646362755043e-01	9.684736658545102239e-01	6.260669196353241261e-01	1.480000000000000000e+02
9.173394897404838488e-01	9.669357958961936061e-01	6.200692267978892280e-01	1.490000000000000000e+02
9.134948148446924154e-01	9.653979259378769884e-01	6.140715339604545520e-01	1.500000000000000000e+02
9.096501399489009820e-01	9.638600559795603706e-01	6.080738411230199869e-01	1.510000000000000000e+02
9.058054650531095486e-01	9.623221860212438639e-01	6.020761482855853108e-01	1.520000000000000000e+02
9.019607901573181152e-01	9.607843160629272461e-01	5.960784554481506348e-01	1.530000000000000000e+02
8.928873574032503146e-01	9.570934281629674967e-01	5.979238993981305095e-01	1.540000000000000000e+02
8.838139246491825141e-01	9.534025402630076362e-01	5.997693433481103842e-01	1.550000000000000000e+02
8.747404918951147135e-01	9.497116523630478868e-01	6.016147872980903699e-01	1.560000000000000000e+02
8.656670591410469129e-01	9.460207644630881374e-01	6.034602312480702446e-01	1.570000000000000000e+02
8.565936263869790013e-01	9.423298765631282770e-01	6.053056751980501193e-01	1.580000000000000000e+02
8.475201936329112007e-01	9.386389886631685275e-01	6.071511191480299940e-01	1.590000000000000000e+02
8.384467608788434001e-01	9.349481007632087781e-01	6.089965630980098688e-01	1.600000000000000000e+02
8.293733281247755995e-01	9.312572128632489177e-01	6.108420070479897435e-01	1.610000000000000000e+02
8.202998953707077989e-01	9.275663249632891683e-01	6.126874509979697292e-01	1.620000000000000000e+02
8.112264626166399983e-01	9.238754370633293078e-01	6.145328949479496039e-01	1.630000000000000000e+02
8.021530298625724198e-01	9.201845491633696694e-01	6.163783388979293676e-01	1.640000000000000000e+02
7.930795971085043972e-01	9.164936612634098090e-01	6.182237828479093533e-01	1.650000000000000000e+02
7.840061643544364856e-01	9.128027733634499485e-01	6.200692267978892280e-01	1.660000000000000000e+02
7.749327316003686850e-01	9.091118854634901991e-01	6.219146707478691027e-01	1.670000000000000000e+02
7.658592988463008844e-01	9.054209975635304497e-01	6.237601146978490885e-01	1.680000000000000000e+02
7.567858660922330838e-01	9.017301096635705893e-01	6.256055586478289632e-01	1.690000000000000000e+02
7.477124333381652832e-01	8.980392217636108398e-01	6.274510025978088379e-01	1.700000000000000000e+02
7.386390005840974826e-01	8.943483338636510904e-01	6.292964465477887126e-01	1.710000000000000000e+02
7.295655678300296820e-01	8.906574459636912300e-01	6.311418904977685873e-01	1.720000000000000000e+02
7.204921350759618814e-01	8.869665580637314806e-01	6.329873344477485730e-01	1.730000000000000000e+02
7.114187023218940809e-01	8.832756701637717311e-01	6.348327783977284478e-01	1.740000000000000000e+02
7.023452695678261692e-01	8.795847822638118707e-01	6.366782223477083225e-01	1.750000000000000000e+02
6.932718368137583687e-01	8.758938943638521213e-01	6.385236662976881972e-01	1.760000000000000000e+02
6.841984040596905681e-01	8.722030064638923719e-01	6.403691102476680719e-01	1.770000000000000000e+02
6.751249713056227675e-01	8.685121185639325114e-01	6.422145541976479466e-01	1.780000000000000000e+02
6.652826029880374303e-01	8.645905501702252360e-01	6.432141696705537814e-01	1.790000000000000000e+02
6.546712991069347787e-01	8.604383012827706567e-01	6.433679566663854654e-01	1.800000000000000000e+02
6.440599952258315719e-01	8.562860523953157443e-01	6.435217436622170384e-01	1.810000000000000000e+02
6.334486913447286982e-01	8.521338035078609430e-01	6.436755306580487224e-01	1.820000000000000000e+02
6.228373874636257135e-01	8.479815546204062526e-01	6.438293176538804063e-01	1.830000000000000000e+02
6.122260835825228398e-01	8.438293057329514513e-01	6.439831046497120903e-01	1.840000000000000000e+02
6.016147797014199661e-01	8.396770568454966499e-01	6.441368916455436633e-01	1.850000000000000000e+02
5.910034758203169813e-01	8.355248079580419596e-01	6.442906786413753473e-01	1.860000000000000000e+02
5.803921719392141076e-01	8.313725590705871582e-01	6.444444656372070312e-01	1.870000000000000000e+02
5.697808680581111229e-01	8.272203101831323568e-01	6.445982526330387152e-01	1.880000000000000000e+02
5.591695641770082492e-01	8.230680612956776665e-01	6.447520396288703992e-01	1.890000000000000000e+02
5.485582602959053755e-01	8.189158124082228651e-01	6.449058266247019722e-01	1.900000000000000000e+02
5.379469564148023908e-01	8.147635635207680638e-01	6.450596136205336562e-01	1.910000000000000000e+02
5.273356525336995171e-01	8.106113146333133734e-01	6.452134006163653401e-01	1.920000000000000000e+02
5.167243486525965324e-01	8.064590657458585721e-01	6.453671876121970241e-01	1.930000000000000000e+02
5.061130447714936587e-01	8.023068168584037707e-01	6.455209746080285971e-01	1.940000000000000000e+02
4.955017408903907294e-01	7.981545679709490804e-01	6.456747616038602811e-01	1.950000000000000000e+02
4.848904370092881333e-01	7.940023190834943900e-01	6.458285485996919650e-01	1.960000000000000000e+02
4.742791331281849265e-01	7.898500701960395887e-01	6.459823355955236490e-01	1.970000000000000000e+02
4.636678292470819973e-01	7.856978213085847873e-01	6.461361225913552220e-01	1.980000000000000000e+02
4.530565253659790681e-01	7.815455724211299859e-01	6.462899095871869060e-01	1.990000000000000000e+02
4.424452214848761389e-01	7.773933235336752956e-01	6.464436965830185899e-01	2.000000000000000000e+02
4.318339176037732097e-01	7.732410746462204942e-01	6.465974835788502739e-01	2.010000000000000000e+02
4.212226137226703360e-01	7.690888257587656929e-01	6.467512705746818469e-01	2.020000000000000000e+02
4.106113098415674068e-01	7.649365768713110025e-01	6.469050575705135309e-01	2.030000000000000000e+02
4.000000059604644775e-01	7.607843279838562012e-01	6.470588445663452148e-01	2.040000000000000000e+02
3.920030815928590151e-01	7.518646822256200846e-01	6.507497324663049643e-01	2.050000000000000000e+02
3.840061572252535527e-01	7.429450364673838569e-01	6.544406203662648247e-01	2.060000000000000000e+02
3.760092328576480902e-01	7.340253907091477403e-01	6.581315082662245741e-01	2.070000000000000000e+02
3.680123084900425723e-01	7.251057449509116237e-01	6.618223961661843235e-01	2.080000000000000000e+02
3.600153841224371098e-01	7.161860991926753961e-01	6.655132840661441840e-01	2.090000000000000000e+02
3.520184597548316474e-01	7.072664534344392795e-01	6.692041719661039334e-01	2.100000000000000000e+02
3.440215353872261850e-01	6.983468076762031629e-01	6.728950598660636828e-01	2.110000000000000000e+02
3.360246110196209446e-01	6.894271619179672683e-01	6.765859477660234322e-01	2.120000000000000000e+02
3.280276866520152046e-01	6.805075161597308187e-01	6.802768356659832927e-01	2.130000000000000000e+02
3.200307622844097422e-01	6.715878704014945910e-01	6.839677235659431531e-01	2.140000000000000000e+02
3.120338379168042797e-01	6.626682246432584744e-01	6.876586114659029025e-01	2.150000000000000000e+02
3.040369135491988173e-01	6.537485788850223578e-01	6.913494993658626520e-01	2.160000000000000000e+02
2.960399891815933549e-01	6.448289331267862412e-01	6.950403872658225124e-01	2.170000000000000000e+02
2.880430648139878924e-01	6.359092873685500136e-01	6.987312751657822618e-01	2.180000000000000000e+02
2.800461404463824300e-01	6.269896416103138970e-01	7.024221630657420112e-01	2.190000000000000000e+02
2.720492160787769675e-01	6.180699958520776693e-01	7.061130509657018717e-01	2.200000000000000000e+02
2.640522917111715051e-01	6.091503500938415527e-01	7.098039388656616211e-01	2.210000000000000000e+02
2.560553673435659872e-01	6.002307043356054361e-01	7.134948267656213705e-01	2.220000000000000000e+02
2.480584429759605247e-01	5.913110585773692085e-01	7.171857146655812310e-01	2.230000000000000000e+02
2.400615186083550623e-01	5.823914128191330919e-01	7.208766025655409804e-01	2.240000000000000000e+02
2.320645942407495999e-01	5.734717670608969753e-01	7.245674904655007298e-01	2.250000000000000000e+02
2.240676698731441097e-01	5.645521213026607477e-01	7.282583783654605902e-01	2.260000000000000000e+02
2.160707455055386472e-01	5.556324755444246311e-01	7.319492662654203396e-01	2.270000000000000000e+02
2.080738211379334068e-01	5.467128297861887365e-01	7.356401541653800891e-01	2.280000000000000000e+02
2.000768967703276946e-01	5.377931840279522868e-01	7.393310420653399495e-01	2.290000000000000000e+02
1.994617487870010697e-01	5.289504311832726735e-01	7.391003615715924235e-01	2.300000000000000000e+02
2.062283771879532823e-01	5.201845712521496745e-01	7.349481126841377332e-01	2.310000000000000000e+02
2.129950055889054950e-01	5.114187113210266755e-01	7.307958637966829318e-01	2.320000000000000000e+02
2.197616339898577076e-01	5.026528513899036765e-01	7.266436149092281305e-01	2.330000000000000000e+02
2.265282623908098925e-01	4.938869914587806220e-01	7.224913660217734401e-01	2.340000000000000000e+02
2.332948907917621051e-01	4.851211315276576230e-01	7.183391171343186388e-01	2.350000000000000000e+02
2.400615191927143177e-01	4.763552715965345685e-01	7.141868682468638374e-01	2.360000000000000000e+02
2.468281475936665303e-01	4.675894116654115695e-01	7.100346193594091471e-01	2.370000000000000000e+02
2.535947759946187152e-01	4.588235517342885705e-01	7.058823704719543457e-01	2.380000000000000000e+02
2.603614043955709278e-01	4.500576918031655160e-01	7.017301215844995443e-01	2.390000000000000000e+02
2.671280327965231405e-01	4.412918318720424615e-01	6.975778726970448540e-01	2.400000000000000000e+02
2.738946611974753531e-01	4.325259719409194625e-01	6.934256238095900526e-01	2.410000000000000000e+02
2.806612895984275657e-01	4.237601120097964635e-01	6.892733749221352513e-01	2.420000000000000000e+02
2.874279179993797784e-01	4.149942520786734090e-01	6.851211260346805609e-01	2.430000000000000000e+02
2.941945464003317690e-01	4.062283921475506876e-01	6.809688771472258706e-01	2.440000000000000000e+02
3.009611748012842036e-01	3.974625322164273555e-01	6.768166282597709582e-01	2.450000000000000000e+02
3.077278032022364163e-01	3.886966722853043565e-01	6.726643793723162679e-01	2.460000000000000000e+02
3.144944316031886289e-01	3.799308123541813575e-01	6.685121304848614665e-01	2.470000000000000000e+02
3.212610600041407860e-01	3.711649524230583030e-01	6.643598815974067762e-01	2.480000000000000000e+02
3.280276884050929986e-01	3.623990924919353041e-01	6.602076327099519748e-01	2.490000000000000000e+02
3.347943168060452113e-01	3.536332325608122495e-01	6.560553838224971734e-01	2.500000000000000000e+02
3.415609452069974239e-01	3.448673726296892506e-01	6.519031349350424831e-01	2.510000000000000000e+02
3.483275736079496365e-01	3.361015126985662516e-01	6.477508860475876817e-01	2.520000000000000000e+02
3.550942020089018492e-01	3.273356527674431971e-01	6.435986371601328804e-01	2.530000000000000000e+02
3.618608304098540618e-01	3.185697928363201425e-01	6.394463882726781900e-01	2.540000000000000000e+02
3.686274588108062744e-01	3.098039329051971436e-01	6.352941393852233887e-01	2.550000000000000000e+02
